12:54:34.253052099 State Recv-Q Send-Q Local Address:Port Peer Address:PortProcess

12:54:34.259523578 State Recv-Q Send-Q Local Address:Port Peer Address:PortProcess

12:54:34.264572177 State Recv-Q Send-Q Local Address:Port Peer Address:PortProcess

12:54:34.269106483 State Recv-Q Send-Q Local Address:Port Peer Address:PortProcess

12:54:34.273276538 State Recv-Q Send-Q Local Address:Port Peer Address:PortProcess

12:54:34.277763760 State Recv-Q Send-Q Local Address:Port Peer Address:PortProcess

12:54:34.281554731 State Recv-Q Send-Q Local Address:Port Peer Address:PortProcess

12:54:34.286559371 State Recv-Q Send-Q Local Address:Port Peer Address:PortProcess

12:54:34.290542092 State Recv-Q Send-Q Local Address:Port Peer Address:PortProcess

12:54:34.293484768 State Recv-Q Send-Q Local Address:Port Peer Address:PortProcess

12:54:34.296577111 State Recv-Q Send-Q Local Address:Port Peer Address:PortProcess

12:54:34.298875368 State Recv-Q Send-Q Local Address:Port Peer Address:PortProcess

12:54:34.301203751 State Recv-Q Send-Q Local Address:Port Peer Address:PortProcess

12:54:34.303497216 State Recv-Q Send-Q Local Address:Port Peer Address:PortProcess

12:54:34.306017433 State Recv-Q Send-Q Local Address:Port Peer Address:PortProcess

12:54:34.308366148 State Recv-Q Send-Q Local Address:Port Peer Address:PortProcess

12:54:34.311064365 State Recv-Q Send-Q Local Address:Port Peer Address:PortProcess

12:54:34.313339581 State Recv-Q Send-Q Local Address:Port Peer Address:PortProcess

12:54:34.316320923 State Recv-Q Send-Q Local Address:Port Peer Address:PortProcess

12:54:34.318370597 State Recv-Q Send-Q Local Address:Port Peer Address:PortProcess

12:54:34.320448978 State Recv-Q Send-Q Local Address:Port Peer Address:PortProcess

12:54:34.322918319 State Recv-Q Send-Q Local Address:Port Peer Address:PortProcess

12:54:34.325318785 State Recv-Q Send-Q Local Address:Port Peer Address:PortProcess

12:54:34.327521542 State Recv-Q Send-Q Local Address:Port Peer Address:PortProcess

12:54:34.329942300 State Recv-Q Send-Q Local Address:Port Peer Address:PortProcess

12:54:34.332807225 State Recv-Q Send-Q Local Address:Port Peer Address:PortProcess

12:54:34.335322858 State Recv-Q Send-Q Local Address:Port Peer Address:PortProcess

12:54:34.337700908 State Recv-Q Send-Q Local Address:Port Peer Address:PortProcess

12:54:34.340187499 State Recv-Q Send-Q Local Address:Port Peer Address:PortProcess

12:54:34.343332717 State Recv-Q Send-Q Local Address:Port Peer Address:PortProcess

12:54:34.346019892 State Recv-Q Send-Q Local Address:Port Peer Address:PortProcess

12:54:34.348569692 State Recv-Q Send-Q Local Address:Port Peer Address:PortProcess

12:54:34.350924116 State Recv-Q Send-Q Local Address:Port Peer Address:PortProcess

12:54:34.353407165 State Recv-Q Send-Q Local Address:Port Peer Address:PortProcess

12:54:34.356128091 State Recv-Q Send-Q Local Address:Port Peer Address:PortProcess

12:54:34.358981225 State Recv-Q Send-Q Local Address:Port Peer Address:PortProcess

12:54:34.361252148 State Recv-Q Send-Q Local Address:Port Peer Address:PortProcess

12:54:34.363503156 State Recv-Q Send-Q Local Address:Port Peer Address:PortProcess

12:54:34.365576079 State Recv-Q Send-Q Local Address:Port Peer Address:PortProcess

12:54:34.368128962 State Recv-Q Send-Q Local Address:Port Peer Address:PortProcess

12:54:34.370511261 State Recv-Q Send-Q Local Address:Port Peer Address:PortProcess

12:54:34.373234395 State Recv-Q Send-Q Local Address:Port Peer Address:PortProcess

12:54:34.375866528 State Recv-Q Send-Q Local Address:Port Peer Address:PortProcess

12:54:34.378211619 State Recv-Q Send-Q Local Address:Port Peer Address:PortProcess

12:54:34.380627376 State Recv-Q Send-Q Local Address:Port Peer Address:PortProcess

12:54:34.383082176 State Recv-Q Send-Q Local Address:Port Peer Address:PortProcess

12:54:34.384981890 State Recv-Q Send-Q Local Address:Port Peer Address:PortProcess

12:54:34.387114022 State Recv-Q Send-Q Local Address:Port Peer Address:PortProcess

12:54:34.389537613 State Recv-Q Send-Q Local Address:Port Peer Address:PortProcess

12:54:34.391914245 State Recv-Q Send-Q Local Address:Port Peer Address:PortProcess

12:54:34.394524878 State Recv-Q Send-Q Local Address:Port Peer Address:PortProcess

12:54:34.396619135 State Recv-Q Send-Q Local Address:Port Peer Address:PortProcess

12:54:34.399250643 State Recv-Q Send-Q Local Address:Port Peer Address:PortProcess

12:54:34.401378817 State Recv-Q Send-Q Local Address:Port Peer Address:PortProcess

12:54:34.403445073 State Recv-Q Send-Q Local Address:Port Peer Address:PortProcess

12:54:34.405616330 State Recv-Q Send-Q Local Address:Port Peer Address:PortProcess

12:54:34.408378630 State Recv-Q Send-Q Local Address:Port Peer Address:PortProcess

12:54:34.410887472 State Recv-Q Send-Q Local Address:Port Peer Address:PortProcess

12:54:34.412993020 State Recv-Q Send-Q Local Address:Port Peer Address:PortProcess

12:54:34.415279819 State Recv-Q Send-Q Local Address:Port Peer Address:PortProcess

12:54:34.417459784 State Recv-Q Send-Q Local Address:Port Peer Address:PortProcess

12:54:34.419545499 State Recv-Q Send-Q Local Address:Port Peer Address:PortProcess

12:54:34.421482172 State Recv-Q Send-Q Local Address:Port Peer Address:PortProcess

12:54:34.424103097 State Recv-Q Send-Q Local Address:Port Peer Address:PortProcess

12:54:34.426142103 State Recv-Q Send-Q Local Address:Port Peer Address:PortProcess

12:54:34.428445610 State Recv-Q Send-Q Local Address:Port Peer Address:PortProcess

12:54:34.431301786 State Recv-Q Send-Q Local Address:Port Peer Address:PortProcess

12:54:34.433442293 State Recv-Q Send-Q Local Address:Port Peer Address:PortProcess

12:54:34.435822175 State Recv-Q Send-Q Local Address:Port Peer Address:PortProcess

12:54:34.438034932 State Recv-Q Send-Q Local Address:Port Peer Address:PortProcess

12:54:34.440305231 State Recv-Q Send-Q Local Address:Port Peer Address:PortProcess

12:54:34.442531280 State Recv-Q Send-Q Local Address:Port Peer Address:PortProcess

12:54:34.445065538 State Recv-Q Send-Q Local Address:Port Peer Address:PortProcess

12:54:34.447043544 State Recv-Q Send-Q Local Address:Port Peer Address:PortProcess

12:54:34.449462427 State Recv-Q Send-Q Local Address:Port Peer Address:PortProcess

12:54:34.451964810 State Recv-Q Send-Q Local Address:Port Peer Address:PortProcess

12:54:34.453973274 State Recv-Q Send-Q Local Address:Port Peer Address:PortProcess

12:54:34.456187281 State Recv-Q Send-Q Local Address:Port Peer Address:PortProcess

12:54:34.458845206 State Recv-Q Send-Q Local Address:Port Peer Address:PortProcess

12:54:34.461048838 State Recv-Q Send-Q Local Address:Port Peer Address:PortProcess

12:54:34.463202803 State Recv-Q Send-Q Local Address:Port Peer Address:PortProcess

12:54:34.465308643 State Recv-Q Send-Q Local Address:Port Peer Address:PortProcess

12:54:34.467450275 State Recv-Q Send-Q Local Address:Port Peer Address:PortProcess

12:54:34.469623074 State Recv-Q Send-Q Local Address:Port Peer Address:PortProcess

12:54:34.472233832 State Recv-Q Send-Q Local Address:Port Peer Address:PortProcess

12:54:34.474473880 State Recv-Q Send-Q Local Address:Port Peer Address:PortProcess

12:54:34.476978180 State Recv-Q Send-Q Local Address:Port Peer Address:PortProcess

12:54:34.479574272 State Recv-Q Send-Q Local Address:Port Peer Address:PortProcess

12:54:34.482358864 State Recv-Q Send-Q Local Address:Port Peer Address:PortProcess

12:54:34.484809330 State Recv-Q Send-Q Local Address:Port Peer Address:PortProcess

12:54:34.487064545 State Recv-Q Send-Q Local Address:Port Peer Address:PortProcess

12:54:34.489609595 State Recv-Q Send-Q Local Address:Port Peer Address:PortProcess

12:54:34.492340229 State Recv-Q Send-Q Local Address:Port Peer Address:PortProcess

12:54:34.495105071 State Recv-Q Send-Q Local Address:Port Peer Address:PortProcess

12:54:34.497229619 State Recv-Q Send-Q Local Address:Port Peer Address:PortProcess

12:54:34.499631335 State Recv-Q Send-Q Local Address:Port Peer Address:PortProcess

12:54:34.502053176 State Recv-Q Send-Q Local Address:Port Peer Address:PortProcess

12:54:34.503977307 State Recv-Q Send-Q Local Address:Port Peer Address:PortProcess

12:54:34.506328898 State Recv-Q Send-Q Local Address:Port Peer Address:PortProcess

12:54:34.508528946 State Recv-Q Send-Q Local Address:Port Peer Address:PortProcess

12:54:34.511319330 State Recv-Q Send-Q Local Address:Port Peer Address:PortProcess

12:54:34.513494712 State Recv-Q Send-Q Local Address:Port Peer Address:PortProcess

12:54:34.515984386 State Recv-Q Send-Q Local Address:Port Peer Address:PortProcess

12:54:34.518289727 State Recv-Q Send-Q Local Address:Port Peer Address:PortProcess

12:54:34.520600151 State Recv-Q Send-Q Local Address:Port Peer Address:PortProcess

12:54:34.522924825 State Recv-Q Send-Q Local Address:Port Peer Address:PortProcess

12:54:34.525328624 State Recv-Q Send-Q Local Address:Port Peer Address:PortProcess

12:54:34.527784632 State Recv-Q Send-Q Local Address:Port Peer Address:PortProcess

12:54:34.529963889 State Recv-Q Send-Q Local Address:Port Peer Address:PortProcess

12:54:34.532936773 State Recv-Q Send-Q Local Address:Port Peer Address:PortProcess

12:54:34.535292114 State Recv-Q Send-Q Local Address:Port Peer Address:PortProcess

12:54:34.537473037 State Recv-Q Send-Q Local Address:Port Peer Address:PortProcess

12:54:34.540001754 State Recv-Q Send-Q Local Address:Port Peer Address:PortProcess

12:54:34.542124094 State Recv-Q Send-Q Local Address:Port Peer Address:PortProcess

12:54:34.544359309 State Recv-Q Send-Q Local Address:Port Peer Address:PortProcess

12:54:34.546848192 State Recv-Q Send-Q Local Address:Port Peer Address:PortProcess

12:54:34.548873823 State Recv-Q Send-Q Local Address:Port Peer Address:PortProcess

12:54:34.551158664 State Recv-Q Send-Q Local Address:Port Peer Address:PortProcess

12:54:34.553020545 State Recv-Q Send-Q Local Address:Port Peer Address:PortProcess

12:54:34.555524094 State Recv-Q Send-Q Local Address:Port Peer Address:PortProcess

12:54:34.557806060 State Recv-Q Send-Q Local Address:Port Peer Address:PortProcess

12:54:34.560242234 State Recv-Q Send-Q Local Address:Port Peer Address:PortProcess

12:54:34.562507783 State Recv-Q Send-Q Local Address:Port Peer Address:PortProcess

12:54:34.565007291 State Recv-Q Send-Q Local Address:Port Peer Address:PortProcess

12:54:34.567229506 State Recv-Q Send-Q Local Address:Port Peer Address:PortProcess

12:54:34.569392263 State Recv-Q Send-Q Local Address:Port Peer Address:PortProcess

12:54:34.571629020 State Recv-Q Send-Q Local Address:Port Peer Address:PortProcess

12:54:34.574259695 State Recv-Q Send-Q Local Address:Port Peer Address:PortProcess

12:54:34.577029454 State Recv-Q Send-Q Local Address:Port Peer Address:PortProcess

12:54:34.579893338 State Recv-Q Send-Q Local Address:Port Peer Address:PortProcess

12:54:34.581912219 State Recv-Q Send-Q Local Address:Port Peer Address:PortProcess

12:54:34.584157435 State Recv-Q Send-Q Local Address:Port Peer Address:PortProcess

12:54:34.586595651 State Recv-Q Send-Q Local Address:Port Peer Address:PortProcess

12:54:34.589404910 State Recv-Q Send-Q Local Address:Port Peer Address:PortProcess

12:54:34.591441208 State Recv-Q Send-Q Local Address:Port Peer Address:PortProcess

12:54:34.594123924 State Recv-Q Send-Q Local Address:Port Peer Address:PortProcess

12:54:34.596853141 State Recv-Q Send-Q Local Address:Port Peer Address:PortProcess

12:54:34.599292441 State Recv-Q Send-Q Local Address:Port Peer Address:PortProcess

12:54:34.602007616 State Recv-Q Send-Q Local Address:Port Peer Address:PortProcess

12:54:34.604415290 State Recv-Q Send-Q Local Address:Port Peer Address:PortProcess

12:54:34.607386425 State Recv-Q Send-Q Local Address:Port Peer Address:PortProcess

12:54:34.609829849 State Recv-Q Send-Q Local Address:Port Peer Address:PortProcess

12:54:34.612153606 State Recv-Q Send-Q Local Address:Port Peer Address:PortProcess

12:54:34.614366822 State Recv-Q Send-Q Local Address:Port Peer Address:PortProcess

12:54:34.616724579 State Recv-Q Send-Q Local Address:Port Peer Address:PortProcess

12:54:34.619103962 State Recv-Q Send-Q Local Address:Port Peer Address:PortProcess

12:54:34.621603428 State Recv-Q Send-Q Local Address:Port Peer Address:PortProcess

12:54:34.624204936 State Recv-Q Send-Q Local Address:Port Peer Address:PortProcess

12:54:34.626623277 State Recv-Q Send-Q Local Address:Port Peer Address:PortProcess

12:54:34.628877701 State Recv-Q Send-Q Local Address:Port Peer Address:PortProcess

12:54:34.631319500 State Recv-Q Send-Q Local Address:Port Peer Address:PortProcess

12:54:34.634231509 State Recv-Q Send-Q Local Address:Port Peer Address:PortProcess

12:54:34.636867018 State Recv-Q Send-Q Local Address:Port Peer Address:PortProcess

12:54:34.638807107 State Recv-Q Send-Q Local Address:Port Peer Address:PortProcess

12:54:34.640894114 State Recv-Q Send-Q Local Address:Port Peer Address:PortProcess

12:54:34.643258246 State Recv-Q Send-Q Local Address:Port Peer Address:PortProcess

12:54:34.645584878 State Recv-Q Send-Q Local Address:Port Peer Address:PortProcess

12:54:34.647947177 State Recv-Q Send-Q Local Address:Port Peer Address:PortProcess

12:54:34.650106059 State Recv-Q Send-Q Local Address:Port Peer Address:PortProcess

12:54:34.652260399 State Recv-Q Send-Q Local Address:Port Peer Address:PortProcess

12:54:34.654674282 State Recv-Q Send-Q Local Address:Port Peer Address:PortProcess

12:54:34.657156332 State Recv-Q Send-Q Local Address:Port Peer Address:PortProcess

12:54:34.659292297 State Recv-Q Send-Q Local Address:Port Peer Address:PortProcess

12:54:34.662119139 State Recv-Q Send-Q Local Address:Port Peer Address:PortProcess

12:54:34.664563397 State Recv-Q Send-Q Local Address:Port Peer Address:PortProcess

12:54:34.666924112 State Recv-Q Send-Q Local Address:Port Peer Address:PortProcess

12:54:34.669235411 State Recv-Q Send-Q Local Address:Port Peer Address:PortProcess

12:54:34.671167876 State Recv-Q Send-Q Local Address:Port Peer Address:PortProcess

12:54:34.673846467 State Recv-Q Send-Q Local Address:Port Peer Address:PortProcess

12:54:34.676299850 State Recv-Q Send-Q Local Address:Port Peer Address:PortProcess

12:54:34.678529774 State Recv-Q Send-Q Local Address:Port Peer Address:PortProcess

12:54:34.680496613 State Recv-Q Send-Q Local Address:Port Peer Address:PortProcess

12:54:34.683219455 State Recv-Q Send-Q Local Address:Port Peer Address:PortProcess

12:54:34.685342004 State Recv-Q Send-Q Local Address:Port Peer Address:PortProcess

12:54:34.687513427 State Recv-Q Send-Q Local Address:Port Peer Address:PortProcess

12:54:34.690284936 State Recv-Q Send-Q Local Address:Port Peer Address:PortProcess

12:54:34.693275279 State Recv-Q Send-Q Local Address:Port Peer Address:PortProcess

12:54:34.695469161 State Recv-Q Send-Q Local Address:Port Peer Address:PortProcess

12:54:34.697503209 State Recv-Q Send-Q Local Address:Port Peer Address:PortProcess

12:54:34.699981508 State Recv-Q Send-Q Local Address:Port Peer Address:PortProcess

12:54:34.701985723 State Recv-Q Send-Q Local Address:Port Peer Address:PortProcess

12:54:34.704495606 State Recv-Q Send-Q Local Address:Port Peer Address:PortProcess

12:54:34.707068156 State Recv-Q Send-Q Local Address:Port Peer Address:PortProcess

12:54:34.709196246 State Recv-Q Send-Q Local Address:Port Peer Address:PortProcess

12:54:34.711363586 State Recv-Q Send-Q Local Address:Port Peer Address:PortProcess

12:54:34.713588426 State Recv-Q Send-Q Local Address:Port Peer Address:PortProcess

12:54:34.716156893 State Recv-Q Send-Q Local Address:Port Peer Address:PortProcess

12:54:34.718378608 State Recv-Q Send-Q Local Address:Port Peer Address:PortProcess

12:54:34.720895199 State Recv-Q Send-Q Local Address:Port Peer Address:PortProcess

12:54:34.723274707 State Recv-Q Send-Q Local Address:Port Peer Address:PortProcess

12:54:34.725566506 State Recv-Q Send-Q Local Address:Port Peer Address:PortProcess

12:54:34.728234431 State Recv-Q Send-Q Local Address:Port Peer Address:PortProcess

12:54:34.730376896 State Recv-Q Send-Q Local Address:Port Peer Address:PortProcess

12:54:34.733017112 State Recv-Q Send-Q Local Address:Port Peer Address:PortProcess

12:54:34.735800663 State Recv-Q Send-Q Local Address:Port Peer Address:PortProcess

12:54:34.738091670 State Recv-Q Send-Q Local Address:Port Peer Address:PortProcess

12:54:34.740403761 State Recv-Q Send-Q Local Address:Port Peer Address:PortProcess

12:54:34.742529601 State Recv-Q Send-Q Local Address:Port Peer Address:PortProcess

12:54:34.745027567 State Recv-Q Send-Q Local Address:Port Peer Address:PortProcess

12:54:34.748261119 State Recv-Q Send-Q Local Address:Port Peer Address:PortProcess

12:54:34.750448834 State Recv-Q Send-Q Local Address:Port Peer Address:PortProcess

12:54:34.753047051 State Recv-Q Send-Q Local Address:Port Peer Address:PortProcess

12:54:34.755492267 State    Recv-Q Send-Q Local Address:Port  Peer Address:PortProcess
12:54:34.755492267 SYN-SENT 0      1           10.0.0.1:36460     10.0.0.2:5001
12:54:34.755492267 	 reno rto:1000 mss:524 pmtu:1500 rcvmss:88 advmss:1460 cwnd:10 segs_out:1 lastsnd:613396 lastrcv:613396 lastack:613396 pacing_rate 800000000bps/800000000bps app_limited unacked:1 rcv_ssthresh:42340

12:54:34.758424193 State    Recv-Q Send-Q Local Address:Port  Peer Address:PortProcess
12:54:34.758424193 SYN-SENT 0      1           10.0.0.1:36460     10.0.0.2:5001
12:54:34.758424193 	 reno rto:1000 mss:524 pmtu:1500 rcvmss:88 advmss:1460 cwnd:10 segs_out:1 lastsnd:613399 lastrcv:613399 lastack:613399 pacing_rate 800000000bps/800000000bps app_limited unacked:1 rcv_ssthresh:42340

12:54:34.760958742 State    Recv-Q Send-Q Local Address:Port  Peer Address:PortProcess
12:54:34.760958742 SYN-SENT 0      1           10.0.0.1:36460     10.0.0.2:5001
12:54:34.760958742 	 reno rto:1000 mss:524 pmtu:1500 rcvmss:88 advmss:1460 cwnd:10 segs_out:1 lastsnd:613402 lastrcv:613402 lastack:613402 pacing_rate 800000000bps/800000000bps app_limited unacked:1 rcv_ssthresh:42340

12:54:34.763212874 State    Recv-Q Send-Q Local Address:Port  Peer Address:PortProcess
12:54:34.763212874 SYN-SENT 0      1           10.0.0.1:36460     10.0.0.2:5001
12:54:34.763212874 	 reno rto:1000 mss:524 pmtu:1500 rcvmss:88 advmss:1460 cwnd:10 segs_out:1 lastsnd:613404 lastrcv:613404 lastack:613404 pacing_rate 800000000bps/800000000bps app_limited unacked:1 rcv_ssthresh:42340

12:54:34.765588798 State    Recv-Q Send-Q Local Address:Port  Peer Address:PortProcess
12:54:34.765588798 SYN-SENT 0      1           10.0.0.1:36460     10.0.0.2:5001
12:54:34.765588798 	 reno rto:1000 mss:524 pmtu:1500 rcvmss:88 advmss:1460 cwnd:10 segs_out:1 lastsnd:613406 lastrcv:613406 lastack:613406 pacing_rate 800000000bps/800000000bps app_limited unacked:1 rcv_ssthresh:42340

12:54:34.768083765 State    Recv-Q Send-Q Local Address:Port  Peer Address:PortProcess
12:54:34.768083765 SYN-SENT 0      1           10.0.0.1:36460     10.0.0.2:5001
12:54:34.768083765 	 reno rto:1000 mss:524 pmtu:1500 rcvmss:88 advmss:1460 cwnd:10 segs_out:1 lastsnd:613409 lastrcv:613409 lastack:613409 pacing_rate 800000000bps/800000000bps app_limited unacked:1 rcv_ssthresh:42340

12:54:34.769999979 State    Recv-Q Send-Q Local Address:Port  Peer Address:PortProcess
12:54:34.769999979 SYN-SENT 0      1           10.0.0.1:36460     10.0.0.2:5001
12:54:34.769999979 	 reno rto:1000 mss:524 pmtu:1500 rcvmss:88 advmss:1460 cwnd:10 segs_out:1 lastsnd:613411 lastrcv:613411 lastack:613411 pacing_rate 800000000bps/800000000bps app_limited unacked:1 rcv_ssthresh:42340

12:54:34.772440487 State    Recv-Q Send-Q Local Address:Port  Peer Address:PortProcess
12:54:34.772440487 SYN-SENT 0      1           10.0.0.1:36460     10.0.0.2:5001
12:54:34.772440487 	 reno rto:1000 mss:524 pmtu:1500 rcvmss:88 advmss:1460 cwnd:10 segs_out:1 lastsnd:613413 lastrcv:613413 lastack:613413 pacing_rate 800000000bps/800000000bps app_limited unacked:1 rcv_ssthresh:42340

12:54:34.774999120 State    Recv-Q Send-Q Local Address:Port  Peer Address:PortProcess
12:54:34.774999120 SYN-SENT 0      1           10.0.0.1:36460     10.0.0.2:5001
12:54:34.774999120 	 reno rto:1000 mss:524 pmtu:1500 rcvmss:88 advmss:1460 cwnd:10 segs_out:1 lastsnd:613416 lastrcv:613416 lastack:613416 pacing_rate 800000000bps/800000000bps app_limited unacked:1 rcv_ssthresh:42340

12:54:34.777284335 State    Recv-Q Send-Q Local Address:Port  Peer Address:PortProcess
12:54:34.777284335 SYN-SENT 0      1           10.0.0.1:36460     10.0.0.2:5001
12:54:34.777284335 	 reno rto:1000 mss:524 pmtu:1500 rcvmss:88 advmss:1460 cwnd:10 segs_out:1 lastsnd:613418 lastrcv:613418 lastack:613418 pacing_rate 800000000bps/800000000bps app_limited unacked:1 rcv_ssthresh:42340

12:54:34.780168469 State    Recv-Q Send-Q Local Address:Port  Peer Address:PortProcess
12:54:34.780168469 SYN-SENT 0      1           10.0.0.1:36460     10.0.0.2:5001
12:54:34.780168469 	 reno rto:1000 mss:524 pmtu:1500 rcvmss:88 advmss:1460 cwnd:10 segs_out:1 lastsnd:613421 lastrcv:613421 lastack:613421 pacing_rate 800000000bps/800000000bps app_limited unacked:1 rcv_ssthresh:42340

12:54:34.782431102 State    Recv-Q Send-Q Local Address:Port  Peer Address:PortProcess
12:54:34.782431102 SYN-SENT 0      1           10.0.0.1:36460     10.0.0.2:5001
12:54:34.782431102 	 reno rto:1000 mss:524 pmtu:1500 rcvmss:88 advmss:1460 cwnd:10 segs_out:1 lastsnd:613423 lastrcv:613423 lastack:613423 pacing_rate 800000000bps/800000000bps app_limited unacked:1 rcv_ssthresh:42340

12:54:34.784591942 State    Recv-Q Send-Q Local Address:Port  Peer Address:PortProcess
12:54:34.784591942 SYN-SENT 0      1           10.0.0.1:36460     10.0.0.2:5001
12:54:34.784591942 	 reno rto:1000 mss:524 pmtu:1500 rcvmss:88 advmss:1460 cwnd:10 segs_out:1 lastsnd:613426 lastrcv:613426 lastack:613426 pacing_rate 800000000bps/800000000bps app_limited unacked:1 rcv_ssthresh:42340

12:54:34.787283784 State    Recv-Q Send-Q Local Address:Port  Peer Address:PortProcess
12:54:34.787283784 SYN-SENT 0      1           10.0.0.1:36460     10.0.0.2:5001
12:54:34.787283784 	 reno rto:1000 mss:524 pmtu:1500 rcvmss:88 advmss:1460 cwnd:10 segs_out:1 lastsnd:613428 lastrcv:613428 lastack:613428 pacing_rate 800000000bps/800000000bps app_limited unacked:1 rcv_ssthresh:42340

12:54:34.789859542 State    Recv-Q Send-Q Local Address:Port  Peer Address:PortProcess
12:54:34.789859542 SYN-SENT 0      1           10.0.0.1:36460     10.0.0.2:5001
12:54:34.789859542 	 reno rto:1000 mss:524 pmtu:1500 rcvmss:88 advmss:1460 cwnd:10 segs_out:1 lastsnd:613430 lastrcv:613430 lastack:613430 pacing_rate 800000000bps/800000000bps app_limited unacked:1 rcv_ssthresh:42340

12:54:34.792119840 State    Recv-Q Send-Q Local Address:Port  Peer Address:PortProcess
12:54:34.792119840 SYN-SENT 0      1           10.0.0.1:36460     10.0.0.2:5001
12:54:34.792119840 	 reno rto:1000 mss:524 pmtu:1500 rcvmss:88 advmss:1460 cwnd:10 segs_out:1 lastsnd:613433 lastrcv:613433 lastack:613433 pacing_rate 800000000bps/800000000bps app_limited unacked:1 rcv_ssthresh:42340

12:54:34.794777140 State    Recv-Q Send-Q Local Address:Port  Peer Address:PortProcess
12:54:34.794777140 SYN-SENT 0      1           10.0.0.1:36460     10.0.0.2:5001
12:54:34.794777140 	 reno rto:1000 mss:524 pmtu:1500 rcvmss:88 advmss:1460 cwnd:10 segs_out:1 lastsnd:613435 lastrcv:613435 lastack:613435 pacing_rate 800000000bps/800000000bps app_limited unacked:1 rcv_ssthresh:42340

12:54:34.796978564 State    Recv-Q Send-Q Local Address:Port  Peer Address:PortProcess
12:54:34.796978564 SYN-SENT 0      1           10.0.0.1:36460     10.0.0.2:5001
12:54:34.796978564 	 reno rto:1000 mss:524 pmtu:1500 rcvmss:88 advmss:1460 cwnd:10 segs_out:1 lastsnd:613437 lastrcv:613437 lastack:613437 pacing_rate 800000000bps/800000000bps app_limited unacked:1 rcv_ssthresh:42340

12:54:34.799215071 State    Recv-Q Send-Q Local Address:Port  Peer Address:PortProcess
12:54:34.799215071 SYN-SENT 0      1           10.0.0.1:36460     10.0.0.2:5001
12:54:34.799215071 	 reno rto:1000 mss:524 pmtu:1500 rcvmss:88 advmss:1460 cwnd:10 segs_out:1 lastsnd:613440 lastrcv:613440 lastack:613440 pacing_rate 800000000bps/800000000bps app_limited unacked:1 rcv_ssthresh:42340

12:54:34.801469162 State    Recv-Q Send-Q Local Address:Port  Peer Address:PortProcess
12:54:34.801469162 SYN-SENT 0      1           10.0.0.1:36460     10.0.0.2:5001
12:54:34.801469162 	 reno rto:1000 mss:524 pmtu:1500 rcvmss:88 advmss:1460 cwnd:10 segs_out:1 lastsnd:613442 lastrcv:613442 lastack:613442 pacing_rate 800000000bps/800000000bps app_limited unacked:1 rcv_ssthresh:42340

12:54:34.804145212 State    Recv-Q Send-Q Local Address:Port  Peer Address:PortProcess
12:54:34.804145212 SYN-SENT 0      1           10.0.0.1:36460     10.0.0.2:5001
12:54:34.804145212 	 reno rto:1000 mss:524 pmtu:1500 rcvmss:88 advmss:1460 cwnd:10 segs_out:1 lastsnd:613445 lastrcv:613445 lastack:613445 pacing_rate 800000000bps/800000000bps app_limited unacked:1 rcv_ssthresh:42340

12:54:34.806420719 State    Recv-Q Send-Q Local Address:Port  Peer Address:PortProcess
12:54:34.806420719 SYN-SENT 0      1           10.0.0.1:36460     10.0.0.2:5001
12:54:34.806420719 	 reno rto:1000 mss:524 pmtu:1500 rcvmss:88 advmss:1460 cwnd:10 segs_out:1 lastsnd:613447 lastrcv:613447 lastack:613447 pacing_rate 800000000bps/800000000bps app_limited unacked:1 rcv_ssthresh:42340

12:54:34.808814226 State    Recv-Q Send-Q Local Address:Port  Peer Address:PortProcess
12:54:34.808814226 SYN-SENT 0      1           10.0.0.1:36460     10.0.0.2:5001
12:54:34.808814226 	 reno rto:1000 mss:524 pmtu:1500 rcvmss:88 advmss:1460 cwnd:10 segs_out:1 lastsnd:613450 lastrcv:613450 lastack:613450 pacing_rate 800000000bps/800000000bps app_limited unacked:1 rcv_ssthresh:42340

12:54:34.811018983 State    Recv-Q Send-Q Local Address:Port  Peer Address:PortProcess
12:54:34.811018983 SYN-SENT 0      1           10.0.0.1:36460     10.0.0.2:5001
12:54:34.811018983 	 reno rto:1000 mss:524 pmtu:1500 rcvmss:88 advmss:1460 cwnd:10 segs_out:1 lastsnd:613452 lastrcv:613452 lastack:613452 pacing_rate 800000000bps/800000000bps app_limited unacked:1 rcv_ssthresh:42340

12:54:34.813289115 State    Recv-Q Send-Q Local Address:Port  Peer Address:PortProcess
12:54:34.813289115 SYN-SENT 0      1           10.0.0.1:36460     10.0.0.2:5001
12:54:34.813289115 	 reno rto:1000 mss:524 pmtu:1500 rcvmss:88 advmss:1460 cwnd:10 segs_out:1 lastsnd:613454 lastrcv:613454 lastack:613454 pacing_rate 800000000bps/800000000bps app_limited unacked:1 rcv_ssthresh:42340

12:54:34.815492456 State    Recv-Q Send-Q Local Address:Port  Peer Address:PortProcess
12:54:34.815492456 SYN-SENT 0      1           10.0.0.1:36460     10.0.0.2:5001
12:54:34.815492456 	 reno rto:1000 mss:524 pmtu:1500 rcvmss:88 advmss:1460 cwnd:10 segs_out:1 lastsnd:613456 lastrcv:613456 lastack:613456 pacing_rate 800000000bps/800000000bps app_limited unacked:1 rcv_ssthresh:42340

12:54:34.817944047 State Recv-Q Send-Q Local Address:Port  Peer Address:PortProcess
12:54:34.817944047 ESTAB 0      0           10.0.0.1:36460     10.0.0.2:5001
12:54:34.817944047 	 reno wscale:9,9 rto:264 rtt:63.723/31.861 mss:1448 pmtu:1500 rcvmss:536 advmss:1448 cwnd:10 bytes_acked:1 segs_out:2 segs_in:1 send 1817868bps lastsnd:1 lastrcv:1 lastack:1 delivered:1 app_limited rcv_space:14480 rcv_ssthresh:42242 minrtt:63.723 snd_wnd:43440

12:54:34.820189762 State Recv-Q Send-Q Local Address:Port  Peer Address:PortProcess
12:54:34.820189762 ESTAB 0      99992       10.0.0.1:36460     10.0.0.2:5001
12:54:34.820189762 	 reno wscale:9,9 rto:264 rtt:63.723/31.861 mss:1448 pmtu:1500 rcvmss:536 advmss:1448 cwnd:10 bytes_sent:13112 bytes_acked:1 segs_out:12 segs_in:1 data_segs_out:10 send 1817868bps lastsnd:2 lastrcv:3 lastack:3 delivered:1 app_limited busy:2ms unacked:10 rcv_space:14480 rcv_ssthresh:42242 notsent:86880 minrtt:63.723 snd_wnd:43440

12:54:34.822786645 State Recv-Q Send-Q Local Address:Port  Peer Address:PortProcess
12:54:34.822786645 ESTAB 0      99992       10.0.0.1:36460     10.0.0.2:5001
12:54:34.822786645 	 reno wscale:9,9 rto:264 rtt:63.723/31.861 mss:1448 pmtu:1500 rcvmss:536 advmss:1448 cwnd:10 bytes_sent:13112 bytes_acked:1 segs_out:12 segs_in:1 data_segs_out:10 send 1817868bps lastsnd:5 lastrcv:6 lastack:6 delivered:1 app_limited busy:5ms unacked:10 rcv_space:14480 rcv_ssthresh:42242 notsent:86880 minrtt:63.723 snd_wnd:43440

12:54:34.825465112 State Recv-Q Send-Q Local Address:Port  Peer Address:PortProcess
12:54:34.825465112 ESTAB 0      99992       10.0.0.1:36460     10.0.0.2:5001
12:54:34.825465112 	 reno wscale:9,9 rto:264 rtt:63.723/31.861 mss:1448 pmtu:1500 rcvmss:536 advmss:1448 cwnd:10 bytes_sent:13112 bytes_acked:1 segs_out:12 segs_in:1 data_segs_out:10 send 1817868bps lastsnd:8 lastrcv:9 lastack:9 delivered:1 app_limited busy:8ms unacked:10 rcv_space:14480 rcv_ssthresh:42242 notsent:86880 minrtt:63.723 snd_wnd:43440

12:54:34.828202038 State Recv-Q Send-Q Local Address:Port  Peer Address:PortProcess
12:54:34.828202038 ESTAB 0      99992       10.0.0.1:36460     10.0.0.2:5001
12:54:34.828202038 	 reno wscale:9,9 rto:264 rtt:63.723/31.861 mss:1448 pmtu:1500 rcvmss:536 advmss:1448 cwnd:10 bytes_sent:13112 bytes_acked:1 segs_out:12 segs_in:1 data_segs_out:10 send 1817868bps lastsnd:10 lastrcv:11 lastack:11 delivered:1 app_limited busy:10ms unacked:10 rcv_space:14480 rcv_ssthresh:42242 notsent:86880 minrtt:63.723 snd_wnd:43440

12:54:34.830739337 State Recv-Q Send-Q Local Address:Port  Peer Address:PortProcess
12:54:34.830739337 ESTAB 0      99992       10.0.0.1:36460     10.0.0.2:5001
12:54:34.830739337 	 reno wscale:9,9 rto:264 rtt:63.723/31.861 mss:1448 pmtu:1500 rcvmss:536 advmss:1448 cwnd:10 bytes_sent:13112 bytes_acked:1 segs_out:12 segs_in:1 data_segs_out:10 send 1817868bps lastsnd:12 lastrcv:13 lastack:13 delivered:1 app_limited busy:12ms unacked:10 rcv_space:14480 rcv_ssthresh:42242 notsent:86880 minrtt:63.723 snd_wnd:43440

12:54:34.832939094 State Recv-Q Send-Q Local Address:Port  Peer Address:PortProcess
12:54:34.832939094 ESTAB 0      99992       10.0.0.1:36460     10.0.0.2:5001
12:54:34.832939094 	 reno wscale:9,9 rto:264 rtt:63.723/31.861 mss:1448 pmtu:1500 rcvmss:536 advmss:1448 cwnd:10 bytes_sent:13112 bytes_acked:1 segs_out:12 segs_in:1 data_segs_out:10 send 1817868bps lastsnd:14 lastrcv:15 lastack:15 delivered:1 app_limited busy:14ms unacked:10 rcv_space:14480 rcv_ssthresh:42242 notsent:86880 minrtt:63.723 snd_wnd:43440

12:54:34.835417810 State Recv-Q Send-Q Local Address:Port  Peer Address:PortProcess
12:54:34.835417810 ESTAB 0      99992       10.0.0.1:36460     10.0.0.2:5001
12:54:34.835417810 	 reno wscale:9,9 rto:264 rtt:63.723/31.861 mss:1448 pmtu:1500 rcvmss:536 advmss:1448 cwnd:10 bytes_sent:13112 bytes_acked:1 segs_out:12 segs_in:1 data_segs_out:10 send 1817868bps lastsnd:17 lastrcv:18 lastack:18 delivered:1 app_limited busy:17ms unacked:10 rcv_space:14480 rcv_ssthresh:42242 notsent:86880 minrtt:63.723 snd_wnd:43440

12:54:34.837974693 State Recv-Q Send-Q Local Address:Port  Peer Address:PortProcess
12:54:34.837974693 ESTAB 0      99992       10.0.0.1:36460     10.0.0.2:5001
12:54:34.837974693 	 reno wscale:9,9 rto:264 rtt:63.723/31.861 mss:1448 pmtu:1500 rcvmss:536 advmss:1448 cwnd:10 bytes_sent:13112 bytes_acked:1 segs_out:12 segs_in:1 data_segs_out:10 send 1817868bps lastsnd:20 lastrcv:21 lastack:21 delivered:1 app_limited busy:20ms unacked:10 rcv_space:14480 rcv_ssthresh:42242 notsent:86880 minrtt:63.723 snd_wnd:43440

12:54:34.840522368 State Recv-Q Send-Q Local Address:Port  Peer Address:PortProcess
12:54:34.840522368 ESTAB 0      99992       10.0.0.1:36460     10.0.0.2:5001
12:54:34.840522368 	 reno wscale:9,9 rto:264 rtt:63.723/31.861 mss:1448 pmtu:1500 rcvmss:536 advmss:1448 cwnd:10 bytes_sent:13112 bytes_acked:1 segs_out:12 segs_in:1 data_segs_out:10 send 1817868bps lastsnd:22 lastrcv:23 lastack:23 delivered:1 app_limited busy:22ms unacked:10 rcv_space:14480 rcv_ssthresh:42242 notsent:86880 minrtt:63.723 snd_wnd:43440

12:54:34.842892251 State Recv-Q Send-Q Local Address:Port  Peer Address:PortProcess
12:54:34.842892251 ESTAB 0      99992       10.0.0.1:36460     10.0.0.2:5001
12:54:34.842892251 	 reno wscale:9,9 rto:264 rtt:63.723/31.861 mss:1448 pmtu:1500 rcvmss:536 advmss:1448 cwnd:10 bytes_sent:13112 bytes_acked:1 segs_out:12 segs_in:1 data_segs_out:10 send 1817868bps lastsnd:25 lastrcv:26 lastack:26 delivered:1 app_limited busy:25ms unacked:10 rcv_space:14480 rcv_ssthresh:42242 notsent:86880 minrtt:63.723 snd_wnd:43440

12:54:34.845352092 State Recv-Q Send-Q Local Address:Port  Peer Address:PortProcess
12:54:34.845352092 ESTAB 0      99992       10.0.0.1:36460     10.0.0.2:5001
12:54:34.845352092 	 reno wscale:9,9 rto:264 rtt:63.723/31.861 mss:1448 pmtu:1500 rcvmss:536 advmss:1448 cwnd:10 bytes_sent:13112 bytes_acked:1 segs_out:12 segs_in:1 data_segs_out:10 send 1817868bps lastsnd:27 lastrcv:28 lastack:28 delivered:1 app_limited busy:27ms unacked:10 rcv_space:14480 rcv_ssthresh:42242 notsent:86880 minrtt:63.723 snd_wnd:43440

12:54:34.847430765 State Recv-Q Send-Q Local Address:Port  Peer Address:PortProcess
12:54:34.847430765 ESTAB 0      99992       10.0.0.1:36460     10.0.0.2:5001
12:54:34.847430765 	 reno wscale:9,9 rto:264 rtt:63.723/31.861 mss:1448 pmtu:1500 rcvmss:536 advmss:1448 cwnd:10 bytes_sent:13112 bytes_acked:1 segs_out:12 segs_in:1 data_segs_out:10 send 1817868bps lastsnd:29 lastrcv:30 lastack:30 delivered:1 app_limited busy:29ms unacked:10 rcv_space:14480 rcv_ssthresh:42242 notsent:86880 minrtt:63.723 snd_wnd:43440

12:54:34.850089940 State Recv-Q Send-Q Local Address:Port  Peer Address:PortProcess
12:54:34.850089940 ESTAB 28     115840      10.0.0.1:36460     10.0.0.2:5001
12:54:34.850089940 	 reno wscale:9,9 rto:242 rtt:41.083/16.738 ato:40 mss:1448 pmtu:1500 rcvmss:536 advmss:1448 cwnd:19 bytes_sent:16008 bytes_acked:11665 bytes_received:28 segs_out:15 segs_in:11 data_segs_out:12 data_segs_in:1 send 5357350bps lastsnd:1 lastrcv:1 pacing_rate 2502144bps/800000000bps delivery_rate 3264728bps delivered:10 app_limited busy:32ms unacked:3 rcv_space:14480 rcv_ssthresh:42242 notsent:111496 minrtt:30.918 snd_wnd:52736

12:54:34.852298072 State Recv-Q Send-Q Local Address:Port  Peer Address:PortProcess
12:54:34.852298072 ESTAB 28     114392      10.0.0.1:36460     10.0.0.2:5001
12:54:34.852298072 	 reno wscale:9,9 rto:240 rtt:39.96/14.799 ato:40 mss:1448 pmtu:1500 rcvmss:536 advmss:1448 cwnd:20 bytes_sent:16008 bytes_acked:13113 bytes_received:28 segs_out:15 segs_in:12 data_segs_out:12 data_segs_in:1 send 5797798bps lastsnd:3 lastrcv:3 lastack:2 pacing_rate 2594816bps/800000000bps delivery_rate 3605576bps delivered:11 app_limited busy:34ms unacked:2 rcv_space:14480 rcv_ssthresh:42242 notsent:111496 minrtt:30.918 snd_wnd:51712

12:54:34.855166664 State Recv-Q Send-Q Local Address:Port  Peer Address:PortProcess
12:54:34.855166664 ESTAB 28     114392      10.0.0.1:36460     10.0.0.2:5001
12:54:34.855166664 	 reno wscale:9,9 rto:240 rtt:39.96/14.799 ato:40 mss:1448 pmtu:1500 rcvmss:536 advmss:1448 cwnd:20 bytes_sent:16008 bytes_acked:13113 bytes_received:28 segs_out:15 segs_in:12 data_segs_out:12 data_segs_in:1 send 5797798bps lastsnd:6 lastrcv:6 lastack:5 pacing_rate 2594816bps/800000000bps delivery_rate 3605576bps delivered:11 app_limited busy:37ms unacked:2 rcv_space:14480 rcv_ssthresh:42242 notsent:111496 minrtt:30.918 snd_wnd:51712

12:54:34.857610214 State Recv-Q Send-Q Local Address:Port  Peer Address:PortProcess
12:54:34.857610214 ESTAB 28     114392      10.0.0.1:36460     10.0.0.2:5001
12:54:34.857610214 	 reno wscale:9,9 rto:240 rtt:39.96/14.799 ato:40 mss:1448 pmtu:1500 rcvmss:536 advmss:1448 cwnd:20 bytes_sent:18904 bytes_acked:13113 bytes_received:28 segs_out:17 segs_in:12 data_segs_out:14 data_segs_in:1 send 5797798bps lastrcv:8 lastack:7 pacing_rate 2594816bps/800000000bps delivery_rate 3605576bps delivered:11 app_limited busy:39ms unacked:4 rcv_space:14480 rcv_ssthresh:42242 notsent:108600 minrtt:30.918 snd_wnd:51712

12:54:34.860106221 State Recv-Q Send-Q Local Address:Port  Peer Address:PortProcess
12:54:34.860106221 ESTAB 28     114392      10.0.0.1:36460     10.0.0.2:5001
12:54:34.860106221 	 reno wscale:9,9 rto:240 rtt:39.96/14.799 ato:40 mss:1448 pmtu:1500 rcvmss:536 advmss:1448 cwnd:20 bytes_sent:18904 bytes_acked:13113 bytes_received:28 segs_out:17 segs_in:12 data_segs_out:14 data_segs_in:1 send 5797798bps lastsnd:3 lastrcv:11 lastack:10 pacing_rate 2594816bps/800000000bps delivery_rate 3605576bps delivered:11 app_limited busy:42ms unacked:4 rcv_space:14480 rcv_ssthresh:42242 notsent:108600 minrtt:30.918 snd_wnd:51712

12:54:34.862222978 State Recv-Q Send-Q Local Address:Port  Peer Address:PortProcess
12:54:34.862222978 ESTAB 28     114392      10.0.0.1:36460     10.0.0.2:5001
12:54:34.862222978 	 reno wscale:9,9 rto:240 rtt:39.96/14.799 ato:40 mss:1448 pmtu:1500 rcvmss:536 advmss:1448 cwnd:20 bytes_sent:18904 bytes_acked:13113 bytes_received:28 segs_out:17 segs_in:12 data_segs_out:14 data_segs_in:1 send 5797798bps lastsnd:5 lastrcv:13 lastack:12 pacing_rate 2594816bps/800000000bps delivery_rate 3605576bps delivered:11 app_limited busy:44ms unacked:4 rcv_space:14480 rcv_ssthresh:42242 notsent:108600 minrtt:30.918 snd_wnd:51712

12:54:34.864830695 State Recv-Q Send-Q Local Address:Port  Peer Address:PortProcess
12:54:34.864830695 ESTAB 28     114392      10.0.0.1:36460     10.0.0.2:5001
12:54:34.864830695 	 reno wscale:9,9 rto:240 rtt:39.96/14.799 ato:40 mss:1448 pmtu:1500 rcvmss:536 advmss:1448 cwnd:20 bytes_sent:18904 bytes_acked:13113 bytes_received:28 segs_out:17 segs_in:12 data_segs_out:14 data_segs_in:1 send 5797798bps lastsnd:7 lastrcv:15 lastack:14 pacing_rate 2594816bps/800000000bps delivery_rate 3605576bps delivered:11 app_limited busy:46ms unacked:4 rcv_space:14480 rcv_ssthresh:42242 notsent:108600 minrtt:30.918 snd_wnd:51712

12:54:34.867153619 State Recv-Q Send-Q Local Address:Port  Peer Address:PortProcess
12:54:34.867153619 ESTAB 28     114392      10.0.0.1:36460     10.0.0.2:5001
12:54:34.867153619 	 reno wscale:9,9 rto:240 rtt:39.96/14.799 ato:40 mss:1448 pmtu:1500 rcvmss:536 advmss:1448 cwnd:20 bytes_sent:21800 bytes_acked:13113 bytes_received:28 segs_out:19 segs_in:12 data_segs_out:16 data_segs_in:1 send 5797798bps lastsnd:1 lastrcv:18 lastack:17 pacing_rate 2594816bps/800000000bps delivery_rate 3605576bps delivered:11 app_limited busy:49ms unacked:6 rcv_space:14480 rcv_ssthresh:42242 notsent:105704 minrtt:30.918 snd_wnd:51712

12:54:34.869508793 State Recv-Q Send-Q Local Address:Port  Peer Address:PortProcess
12:54:34.869508793 ESTAB 28     114392      10.0.0.1:36460     10.0.0.2:5001
12:54:34.869508793 	 reno wscale:9,9 rto:240 rtt:39.96/14.799 ato:40 mss:1448 pmtu:1500 rcvmss:536 advmss:1448 cwnd:20 bytes_sent:21800 bytes_acked:13113 bytes_received:28 segs_out:19 segs_in:12 data_segs_out:16 data_segs_in:1 send 5797798bps lastsnd:3 lastrcv:20 lastack:19 pacing_rate 2594816bps/800000000bps delivery_rate 3605576bps delivered:11 app_limited busy:51ms unacked:6 rcv_space:14480 rcv_ssthresh:42242 notsent:105704 minrtt:30.918 snd_wnd:51712

12:54:34.871744133 State Recv-Q Send-Q Local Address:Port  Peer Address:PortProcess
12:54:34.871744133 ESTAB 28     114392      10.0.0.1:36460     10.0.0.2:5001
12:54:34.871744133 	 reno wscale:9,9 rto:240 rtt:39.96/14.799 ato:40 mss:1448 pmtu:1500 rcvmss:536 advmss:1448 cwnd:20 bytes_sent:21800 bytes_acked:13113 bytes_received:28 segs_out:19 segs_in:12 data_segs_out:16 data_segs_in:1 send 5797798bps lastsnd:6 lastrcv:23 lastack:22 pacing_rate 2594816bps/800000000bps delivery_rate 3605576bps delivered:11 app_limited busy:54ms unacked:6 rcv_space:14480 rcv_ssthresh:42242 notsent:105704 minrtt:30.918 snd_wnd:51712

12:54:34.874238433 State Recv-Q Send-Q Local Address:Port  Peer Address:PortProcess
12:54:34.874238433 ESTAB 28     114392      10.0.0.1:36460     10.0.0.2:5001
