18:30:51.997170941 State Recv-Q Send-Q Local Address:Port Peer Address:PortProcess

18:30:52.000066644 State Recv-Q Send-Q Local Address:Port Peer Address:PortProcess

18:30:52.003627971 State Recv-Q Send-Q Local Address:Port Peer Address:PortProcess

18:30:52.007080340 State Recv-Q Send-Q Local Address:Port Peer Address:PortProcess

18:30:52.010293500 State Recv-Q Send-Q Local Address:Port Peer Address:PortProcess

18:30:52.013388036 State Recv-Q Send-Q Local Address:Port Peer Address:PortProcess

18:30:52.016691197 State Recv-Q Send-Q Local Address:Port Peer Address:PortProcess

18:30:52.019907441 State Recv-Q Send-Q Local Address:Port Peer Address:PortProcess

18:30:52.022235186 State Recv-Q Send-Q Local Address:Port Peer Address:PortProcess

18:30:52.024377349 State Recv-Q Send-Q Local Address:Port Peer Address:PortProcess

18:30:52.027079802 State Recv-Q Send-Q Local Address:Port Peer Address:PortProcess

18:30:52.029315048 State Recv-Q Send-Q Local Address:Port Peer Address:PortProcess

18:30:52.031779294 State Recv-Q Send-Q Local Address:Port Peer Address:PortProcess

18:30:52.033890540 State Recv-Q Send-Q Local Address:Port Peer Address:PortProcess

18:30:52.036602076 State Recv-Q Send-Q Local Address:Port Peer Address:PortProcess

18:30:52.038739197 State Recv-Q Send-Q Local Address:Port Peer Address:PortProcess

18:30:52.041208609 State Recv-Q Send-Q Local Address:Port Peer Address:PortProcess

18:30:52.043918646 State Recv-Q Send-Q Local Address:Port Peer Address:PortProcess

18:30:52.046237642 State Recv-Q Send-Q Local Address:Port Peer Address:PortProcess

18:30:52.049082345 State Recv-Q Send-Q Local Address:Port Peer Address:PortProcess

18:30:52.051173966 State Recv-Q Send-Q Local Address:Port Peer Address:PortProcess

18:30:52.053719128 State Recv-Q Send-Q Local Address:Port Peer Address:PortProcess

18:30:52.055927707 State Recv-Q Send-Q Local Address:Port Peer Address:PortProcess

18:30:52.058164578 State Recv-Q Send-Q Local Address:Port Peer Address:PortProcess

18:30:52.060240657 State Recv-Q Send-Q Local Address:Port Peer Address:PortProcess

18:30:52.062742736 State Recv-Q Send-Q Local Address:Port Peer Address:PortProcess

18:30:52.065301273 State Recv-Q Send-Q Local Address:Port Peer Address:PortProcess

18:30:52.067500352 State Recv-Q Send-Q Local Address:Port Peer Address:PortProcess

18:30:52.069966348 State Recv-Q Send-Q Local Address:Port Peer Address:PortProcess

18:30:52.072300552 State Recv-Q Send-Q Local Address:Port Peer Address:PortProcess

18:30:52.074786130 State Recv-Q Send-Q Local Address:Port Peer Address:PortProcess

18:30:52.077152251 State Recv-Q Send-Q Local Address:Port Peer Address:PortProcess

18:30:52.079564038 State Recv-Q Send-Q Local Address:Port Peer Address:PortProcess

18:30:52.082096950 State Recv-Q Send-Q Local Address:Port Peer Address:PortProcess

18:30:52.084307488 State Recv-Q Send-Q Local Address:Port Peer Address:PortProcess

18:30:52.086577733 State Recv-Q Send-Q Local Address:Port Peer Address:PortProcess

18:30:52.088831646 State Recv-Q Send-Q Local Address:Port Peer Address:PortProcess

18:30:52.091243391 State Recv-Q Send-Q Local Address:Port Peer Address:PortProcess

18:30:52.093685304 State Recv-Q Send-Q Local Address:Port Peer Address:PortProcess

18:30:52.095976508 State Recv-Q Send-Q Local Address:Port Peer Address:PortProcess

18:30:52.097939212 State Recv-Q Send-Q Local Address:Port Peer Address:PortProcess

18:30:52.100202500 State Recv-Q Send-Q Local Address:Port Peer Address:PortProcess

18:30:52.102962620 State Recv-Q Send-Q Local Address:Port Peer Address:PortProcess

18:30:52.105216449 State Recv-Q Send-Q Local Address:Port Peer Address:PortProcess

18:30:52.107427570 State Recv-Q Send-Q Local Address:Port Peer Address:PortProcess

18:30:52.110184606 State Recv-Q Send-Q Local Address:Port Peer Address:PortProcess

18:30:52.112204353 State Recv-Q Send-Q Local Address:Port Peer Address:PortProcess

18:30:52.114614598 State Recv-Q Send-Q Local Address:Port Peer Address:PortProcess

18:30:52.116773386 State Recv-Q Send-Q Local Address:Port Peer Address:PortProcess

18:30:52.118950340 State Recv-Q Send-Q Local Address:Port Peer Address:PortProcess

18:30:52.120914711 State Recv-Q Send-Q Local Address:Port Peer Address:PortProcess

18:30:52.123363790 State Recv-Q Send-Q Local Address:Port Peer Address:PortProcess

18:30:52.125814619 State Recv-Q Send-Q Local Address:Port Peer Address:PortProcess

18:30:52.128220573 State Recv-Q Send-Q Local Address:Port Peer Address:PortProcess

18:30:52.130752360 State Recv-Q Send-Q Local Address:Port Peer Address:PortProcess

18:30:52.132721856 State Recv-Q Send-Q Local Address:Port Peer Address:PortProcess

18:30:52.135017435 State Recv-Q Send-Q Local Address:Port Peer Address:PortProcess

18:30:52.137655764 State Recv-Q Send-Q Local Address:Port Peer Address:PortProcess

18:30:52.139750760 State Recv-Q Send-Q Local Address:Port Peer Address:PortProcess

18:30:52.141706214 State Recv-Q Send-Q Local Address:Port Peer Address:PortProcess

18:30:52.143843169 State Recv-Q Send-Q Local Address:Port Peer Address:PortProcess

18:30:52.145732582 State Recv-Q Send-Q Local Address:Port Peer Address:PortProcess

18:30:52.148003661 State Recv-Q Send-Q Local Address:Port Peer Address:PortProcess

18:30:52.150765447 State Recv-Q Send-Q Local Address:Port Peer Address:PortProcess

18:30:52.153125943 State Recv-Q Send-Q Local Address:Port Peer Address:PortProcess

18:30:52.155605147 State Recv-Q Send-Q Local Address:Port Peer Address:PortProcess

18:30:52.158034601 State Recv-Q Send-Q Local Address:Port Peer Address:PortProcess

18:30:52.160241013 State Recv-Q Send-Q Local Address:Port Peer Address:PortProcess

18:30:52.162275009 State Recv-Q Send-Q Local Address:Port Peer Address:PortProcess

18:30:52.164292297 State Recv-Q Send-Q Local Address:Port Peer Address:PortProcess

18:30:52.166628501 State Recv-Q Send-Q Local Address:Port Peer Address:PortProcess

18:30:52.169207955 State Recv-Q Send-Q Local Address:Port Peer Address:PortProcess

18:30:52.171399409 State Recv-Q Send-Q Local Address:Port Peer Address:PortProcess

18:30:52.174190321 State Recv-Q Send-Q Local Address:Port Peer Address:PortProcess

18:30:52.177073399 State Recv-Q Send-Q Local Address:Port Peer Address:PortProcess

18:30:52.179618311 State Recv-Q Send-Q Local Address:Port Peer Address:PortProcess

18:30:52.181750473 State Recv-Q Send-Q Local Address:Port Peer Address:PortProcess

18:30:52.183811011 State Recv-Q Send-Q Local Address:Port Peer Address:PortProcess

18:30:52.186097798 State Recv-Q Send-Q Local Address:Port Peer Address:PortProcess

18:30:52.188044295 State Recv-Q Send-Q Local Address:Port Peer Address:PortProcess

18:30:52.190148416 State Recv-Q Send-Q Local Address:Port Peer Address:PortProcess

18:30:52.192405370 State Recv-Q Send-Q Local Address:Port Peer Address:PortProcess

18:30:52.194866532 State Recv-Q Send-Q Local Address:Port Peer Address:PortProcess

18:30:52.196793529 State Recv-Q Send-Q Local Address:Port Peer Address:PortProcess

18:30:52.199077691 State Recv-Q Send-Q Local Address:Port Peer Address:PortProcess

18:30:52.201613853 State Recv-Q Send-Q Local Address:Port Peer Address:PortProcess

18:30:52.203719224 State Recv-Q Send-Q Local Address:Port Peer Address:PortProcess

18:30:52.206101011 State Recv-Q Send-Q Local Address:Port Peer Address:PortProcess

18:30:52.208338299 State Recv-Q Send-Q Local Address:Port Peer Address:PortProcess

18:30:52.210357587 State Recv-Q Send-Q Local Address:Port Peer Address:PortProcess

18:30:52.212813332 State Recv-Q Send-Q Local Address:Port Peer Address:PortProcess

18:30:52.214998911 State Recv-Q Send-Q Local Address:Port Peer Address:PortProcess

18:30:52.217248366 State Recv-Q Send-Q Local Address:Port Peer Address:PortProcess

18:30:52.219789986 State Recv-Q Send-Q Local Address:Port Peer Address:PortProcess

18:30:52.222746939 State Recv-Q Send-Q Local Address:Port Peer Address:PortProcess

18:30:52.225090393 State Recv-Q Send-Q Local Address:Port Peer Address:PortProcess

18:30:52.227142055 State Recv-Q Send-Q Local Address:Port Peer Address:PortProcess

18:30:52.229037219 State Recv-Q Send-Q Local Address:Port Peer Address:PortProcess

18:30:52.231318339 State Recv-Q Send-Q Local Address:Port Peer Address:PortProcess

18:30:52.233335044 State Recv-Q Send-Q Local Address:Port Peer Address:PortProcess

18:30:52.236157955 State Recv-Q Send-Q Local Address:Port Peer Address:PortProcess

18:30:52.238394701 State Recv-Q Send-Q Local Address:Port Peer Address:PortProcess

18:30:52.240955446 State Recv-Q Send-Q Local Address:Port Peer Address:PortProcess

18:30:52.243582067 State Recv-Q Send-Q Local Address:Port Peer Address:PortProcess

18:30:52.246000354 State Recv-Q Send-Q Local Address:Port Peer Address:PortProcess

18:30:52.248208600 State Recv-Q Send-Q Local Address:Port Peer Address:PortProcess

18:30:52.250811845 State Recv-Q Send-Q Local Address:Port Peer Address:PortProcess

18:30:52.252859091 State Recv-Q Send-Q Local Address:Port Peer Address:PortProcess

18:30:52.255037087 State Recv-Q Send-Q Local Address:Port Peer Address:PortProcess

18:30:52.257142291 State Recv-Q Send-Q Local Address:Port Peer Address:PortProcess

18:30:52.259792911 State Recv-Q Send-Q Local Address:Port Peer Address:PortProcess

18:30:52.262279365 State Recv-Q Send-Q Local Address:Port Peer Address:PortProcess

18:30:52.264657861 State Recv-Q Send-Q Local Address:Port Peer Address:PortProcess

18:30:52.267090523 State Recv-Q Send-Q Local Address:Port Peer Address:PortProcess

18:30:52.269618310 State Recv-Q Send-Q Local Address:Port Peer Address:PortProcess

18:30:52.271958514 State Recv-Q Send-Q Local Address:Port Peer Address:PortProcess

18:30:52.274346009 State Recv-Q Send-Q Local Address:Port Peer Address:PortProcess

18:30:52.276719005 State Recv-Q Send-Q Local Address:Port Peer Address:PortProcess

18:30:52.278982542 State Recv-Q Send-Q Local Address:Port Peer Address:PortProcess

18:30:52.281139830 State Recv-Q Send-Q Local Address:Port Peer Address:PortProcess

18:30:52.283318659 State Recv-Q Send-Q Local Address:Port Peer Address:PortProcess

18:30:52.285758696 State Recv-Q Send-Q Local Address:Port Peer Address:PortProcess

18:30:52.288207775 State Recv-Q Send-Q Local Address:Port Peer Address:PortProcess

18:30:52.291110937 State Recv-Q Send-Q Local Address:Port Peer Address:PortProcess

18:30:52.293353891 State Recv-Q Send-Q Local Address:Port Peer Address:PortProcess

18:30:52.295715886 State Recv-Q Send-Q Local Address:Port Peer Address:PortProcess

18:30:52.298004174 State Recv-Q Send-Q Local Address:Port Peer Address:PortProcess

18:30:52.299975003 State Recv-Q Send-Q Local Address:Port Peer Address:PortProcess

18:30:52.302178499 State Recv-Q Send-Q Local Address:Port Peer Address:PortProcess

18:30:52.304201579 State Recv-Q Send-Q Local Address:Port Peer Address:PortProcess

18:30:52.306877866 State Recv-Q Send-Q Local Address:Port Peer Address:PortProcess

18:30:52.308989820 State Recv-Q Send-Q Local Address:Port Peer Address:PortProcess

18:30:52.311358649 State Recv-Q Send-Q Local Address:Port Peer Address:PortProcess

18:30:52.314030436 State Recv-Q Send-Q Local Address:Port Peer Address:PortProcess

18:30:52.316711139 State Recv-Q Send-Q Local Address:Port Peer Address:PortProcess

18:30:52.318882635 State Recv-Q Send-Q Local Address:Port Peer Address:PortProcess

18:30:52.321185214 State Recv-Q Send-Q Local Address:Port Peer Address:PortProcess

18:30:52.323530918 State Recv-Q Send-Q Local Address:Port Peer Address:PortProcess

18:30:52.325936580 State Recv-Q Send-Q Local Address:Port Peer Address:PortProcess

18:30:52.328660450 State Recv-Q Send-Q Local Address:Port Peer Address:PortProcess

18:30:52.330795363 State Recv-Q Send-Q Local Address:Port Peer Address:PortProcess

18:30:52.332925275 State Recv-Q Send-Q Local Address:Port Peer Address:PortProcess

18:30:52.335179521 State Recv-Q Send-Q Local Address:Port Peer Address:PortProcess

18:30:52.337815100 State Recv-Q Send-Q Local Address:Port Peer Address:PortProcess

18:30:52.340094762 State Recv-Q Send-Q Local Address:Port Peer Address:PortProcess

18:30:52.342731507 State Recv-Q Send-Q Local Address:Port Peer Address:PortProcess

18:30:52.345171794 State Recv-Q Send-Q Local Address:Port Peer Address:PortProcess

18:30:52.347116624 State Recv-Q Send-Q Local Address:Port Peer Address:PortProcess

18:30:52.348993371 State Recv-Q Send-Q Local Address:Port Peer Address:PortProcess

18:30:52.351160158 State Recv-Q Send-Q Local Address:Port Peer Address:PortProcess

18:30:52.353387071 State Recv-Q Send-Q Local Address:Port Peer Address:PortProcess

18:30:52.355791525 State Recv-Q Send-Q Local Address:Port Peer Address:PortProcess

18:30:52.357706646 State Recv-Q Send-Q Local Address:Port Peer Address:PortProcess

18:30:52.359984392 State Recv-Q Send-Q Local Address:Port Peer Address:PortProcess

18:30:52.362238388 State Recv-Q Send-Q Local Address:Port Peer Address:PortProcess

18:30:52.364590717 State Recv-Q Send-Q Local Address:Port Peer Address:PortProcess

18:30:52.366759046 State Recv-Q Send-Q Local Address:Port Peer Address:PortProcess

18:30:52.369334041 State Recv-Q Send-Q Local Address:Port Peer Address:PortProcess

18:30:52.371417871 State Recv-Q Send-Q Local Address:Port Peer Address:PortProcess

18:30:52.374354032 State Recv-Q Send-Q Local Address:Port Peer Address:PortProcess

18:30:52.376374236 State Recv-Q Send-Q Local Address:Port Peer Address:PortProcess

18:30:52.378520566 State Recv-Q Send-Q Local Address:Port Peer Address:PortProcess

18:30:52.380856103 State Recv-Q Send-Q Local Address:Port Peer Address:PortProcess

18:30:52.383142807 State Recv-Q Send-Q Local Address:Port Peer Address:PortProcess

18:30:52.385307136 State Recv-Q Send-Q Local Address:Port Peer Address:PortProcess

18:30:52.387362966 State Recv-Q Send-Q Local Address:Port Peer Address:PortProcess

18:30:52.390239419 State Recv-Q Send-Q Local Address:Port Peer Address:PortProcess

18:30:52.392609456 State Recv-Q Send-Q Local Address:Port Peer Address:PortProcess

18:30:52.394690327 State Recv-Q Send-Q Local Address:Port Peer Address:PortProcess

18:30:52.396986740 State Recv-Q Send-Q Local Address:Port Peer Address:PortProcess

18:30:52.399190736 State Recv-Q Send-Q Local Address:Port Peer Address:PortProcess

18:30:52.401665523 State Recv-Q Send-Q Local Address:Port Peer Address:PortProcess

18:30:52.404127310 State Recv-Q Send-Q Local Address:Port Peer Address:PortProcess

18:30:52.406539722 State Recv-Q Send-Q Local Address:Port Peer Address:PortProcess

18:30:52.408926093 State Recv-Q Send-Q Local Address:Port Peer Address:PortProcess

18:30:52.411143547 State Recv-Q Send-Q Local Address:Port Peer Address:PortProcess

18:30:52.413725875 State Recv-Q Send-Q Local Address:Port Peer Address:PortProcess

18:30:52.415913330 State Recv-Q Send-Q Local Address:Port Peer Address:PortProcess

18:30:52.418172784 State Recv-Q Send-Q Local Address:Port Peer Address:PortProcess

18:30:52.420688404 State Recv-Q Send-Q Local Address:Port Peer Address:PortProcess

18:30:52.422988066 State Recv-Q Send-Q Local Address:Port Peer Address:PortProcess

18:30:52.425194729 State Recv-Q Send-Q Local Address:Port Peer Address:PortProcess

18:30:52.427516350 State Recv-Q Send-Q Local Address:Port Peer Address:PortProcess

18:30:52.429654887 State Recv-Q Send-Q Local Address:Port Peer Address:PortProcess

18:30:52.432071591 State Recv-Q Send-Q Local Address:Port Peer Address:PortProcess

18:30:52.434260504 State Recv-Q Send-Q Local Address:Port Peer Address:PortProcess

18:30:52.436896791 State Recv-Q Send-Q Local Address:Port Peer Address:PortProcess

18:30:52.439331119 State Recv-Q Send-Q Local Address:Port Peer Address:PortProcess

18:30:52.441530365 State Recv-Q Send-Q Local Address:Port Peer Address:PortProcess

18:30:52.443620236 State Recv-Q Send-Q Local Address:Port Peer Address:PortProcess

18:30:52.445757982 State Recv-Q Send-Q Local Address:Port Peer Address:PortProcess

18:30:52.447910270 State Recv-Q Send-Q Local Address:Port Peer Address:PortProcess

18:30:52.449990266 State Recv-Q Send-Q Local Address:Port Peer Address:PortProcess

18:30:52.452371637 State Recv-Q Send-Q Local Address:Port Peer Address:PortProcess

18:30:52.454540633 State Recv-Q Send-Q Local Address:Port Peer Address:PortProcess

18:30:52.457024628 State Recv-Q Send-Q Local Address:Port Peer Address:PortProcess

18:30:52.459415415 State Recv-Q Send-Q Local Address:Port Peer Address:PortProcess

18:30:52.461815369 State Recv-Q Send-Q Local Address:Port Peer Address:PortProcess

18:30:52.464263115 State Recv-Q Send-Q Local Address:Port Peer Address:PortProcess

18:30:52.466655319 State Recv-Q Send-Q Local Address:Port Peer Address:PortProcess

18:30:52.469076772 State Recv-Q Send-Q Local Address:Port Peer Address:PortProcess

18:30:52.471215185 State Recv-Q Send-Q Local Address:Port Peer Address:PortProcess

18:30:52.473422473 State Recv-Q Send-Q Local Address:Port Peer Address:PortProcess

18:30:52.476073301 State Recv-Q Send-Q Local Address:Port Peer Address:PortProcess

18:30:52.478228589 State Recv-Q Send-Q Local Address:Port Peer Address:PortProcess

18:30:52.480283960 State Recv-Q Send-Q Local Address:Port Peer Address:PortProcess

18:30:52.482647747 State Recv-Q Send-Q Local Address:Port Peer Address:PortProcess

18:30:52.485026159 State Recv-Q Send-Q Local Address:Port Peer Address:PortProcess

18:30:52.487175614 State Recv-Q Send-Q Local Address:Port Peer Address:PortProcess

18:30:52.489139110 State Recv-Q Send-Q Local Address:Port Peer Address:PortProcess

18:30:52.491776813 State Recv-Q Send-Q Local Address:Port Peer Address:PortProcess

18:30:52.493851393 State Recv-Q Send-Q Local Address:Port Peer Address:PortProcess

18:30:52.496258013 State Recv-Q Send-Q Local Address:Port Peer Address:PortProcess

18:30:52.498332635 State Recv-Q Send-Q Local Address:Port Peer Address:PortProcess

18:30:52.501083296 State    Recv-Q Send-Q Local Address:Port  Peer Address:PortProcess
18:30:52.501083296 SYN-SENT 0      1           10.0.0.1:55234     10.0.0.2:5001
18:30:52.501083296 	 reno rto:1000 mss:524 pmtu:1500 rcvmss:88 advmss:1460 cwnd:10 segs_out:1 lastsnd:10398438 lastrcv:10398438 lastack:10398438 pacing_rate 800000000bps/800000000bps app_limited unacked:1 rcv_ssthresh:42340

18:30:52.503793583 State    Recv-Q Send-Q Local Address:Port  Peer Address:PortProcess
18:30:52.503793583 SYN-SENT 0      1           10.0.0.1:55234     10.0.0.2:5001
18:30:52.503793583 	 reno rto:1000 mss:524 pmtu:1500 rcvmss:88 advmss:1460 cwnd:10 segs_out:1 lastsnd:10398441 lastrcv:10398441 lastack:10398441 pacing_rate 800000000bps/800000000bps app_limited unacked:1 rcv_ssthresh:42340

18:30:52.506962119 State    Recv-Q Send-Q Local Address:Port  Peer Address:PortProcess
18:30:52.506962119 SYN-SENT 0      1           10.0.0.1:55234     10.0.0.2:5001
18:30:52.506962119 	 reno rto:1000 mss:524 pmtu:1500 rcvmss:88 advmss:1460 cwnd:10 segs_out:1 lastsnd:10398444 lastrcv:10398444 lastack:10398444 pacing_rate 800000000bps/800000000bps app_limited unacked:1 rcv_ssthresh:42340

18:30:52.509418364 State    Recv-Q Send-Q Local Address:Port  Peer Address:PortProcess
18:30:52.509418364 SYN-SENT 0      1           10.0.0.1:55234     10.0.0.2:5001
18:30:52.509418364 	 reno rto:1000 mss:524 pmtu:1500 rcvmss:88 advmss:1460 cwnd:10 segs_out:1 lastsnd:10398446 lastrcv:10398446 lastack:10398446 pacing_rate 800000000bps/800000000bps app_limited unacked:1 rcv_ssthresh:42340

18:30:52.511607610 State    Recv-Q Send-Q Local Address:Port  Peer Address:PortProcess
18:30:52.511607610 SYN-SENT 0      1           10.0.0.1:55234     10.0.0.2:5001
18:30:52.511607610 	 reno rto:1000 mss:524 pmtu:1500 rcvmss:88 advmss:1460 cwnd:10 segs_out:1 lastsnd:10398448 lastrcv:10398448 lastack:10398448 pacing_rate 800000000bps/800000000bps app_limited unacked:1 rcv_ssthresh:42340

18:30:52.513843647 State    Recv-Q Send-Q Local Address:Port  Peer Address:PortProcess
18:30:52.513843647 SYN-SENT 0      1           10.0.0.1:55234     10.0.0.2:5001
18:30:52.513843647 	 reno rto:1000 mss:524 pmtu:1500 rcvmss:88 advmss:1460 cwnd:10 segs_out:1 lastsnd:10398451 lastrcv:10398451 lastack:10398451 pacing_rate 800000000bps/800000000bps app_limited unacked:1 rcv_ssthresh:42340

18:30:52.516079518 State    Recv-Q Send-Q Local Address:Port  Peer Address:PortProcess
18:30:52.516079518 SYN-SENT 0      1           10.0.0.1:55234     10.0.0.2:5001
18:30:52.516079518 	 reno rto:1000 mss:524 pmtu:1500 rcvmss:88 advmss:1460 cwnd:10 segs_out:1 lastsnd:10398453 lastrcv:10398453 lastack:10398453 pacing_rate 800000000bps/800000000bps app_limited unacked:1 rcv_ssthresh:42340

18:30:52.518162764 State    Recv-Q Send-Q Local Address:Port  Peer Address:PortProcess
18:30:52.518162764 SYN-SENT 0      1           10.0.0.1:55234     10.0.0.2:5001
18:30:52.518162764 	 reno rto:1000 mss:524 pmtu:1500 rcvmss:88 advmss:1460 cwnd:10 segs_out:1 lastsnd:10398455 lastrcv:10398455 lastack:10398455 pacing_rate 800000000bps/800000000bps app_limited unacked:1 rcv_ssthresh:42340

18:30:52.520524677 State    Recv-Q Send-Q Local Address:Port  Peer Address:PortProcess
18:30:52.520524677 SYN-SENT 0      1           10.0.0.1:55234     10.0.0.2:5001
18:30:52.520524677 	 reno rto:1000 mss:524 pmtu:1500 rcvmss:88 advmss:1460 cwnd:10 segs_out:1 lastsnd:10398458 lastrcv:10398458 lastack:10398458 pacing_rate 800000000bps/800000000bps app_limited unacked:1 rcv_ssthresh:42340

18:30:52.523010839 State    Recv-Q Send-Q Local Address:Port  Peer Address:PortProcess
18:30:52.523010839 SYN-SENT 0      1           10.0.0.1:55234     10.0.0.2:5001
18:30:52.523010839 	 reno rto:1000 mss:524 pmtu:1500 rcvmss:88 advmss:1460 cwnd:10 segs_out:1 lastsnd:10398460 lastrcv:10398460 lastack:10398460 pacing_rate 800000000bps/800000000bps app_limited unacked:1 rcv_ssthresh:42340

18:30:52.525304168 State    Recv-Q Send-Q Local Address:Port  Peer Address:PortProcess
18:30:52.525304168 SYN-SENT 0      1           10.0.0.1:55234     10.0.0.2:5001
18:30:52.525304168 	 reno rto:1000 mss:524 pmtu:1500 rcvmss:88 advmss:1460 cwnd:10 segs_out:1 lastsnd:10398462 lastrcv:10398462 lastack:10398462 pacing_rate 800000000bps/800000000bps app_limited unacked:1 rcv_ssthresh:42340

18:30:52.527634497 State    Recv-Q Send-Q Local Address:Port  Peer Address:PortProcess
18:30:52.527634497 SYN-SENT 0      1           10.0.0.1:55234     10.0.0.2:5001
18:30:52.527634497 	 reno rto:1000 mss:524 pmtu:1500 rcvmss:88 advmss:1460 cwnd:10 segs_out:1 lastsnd:10398464 lastrcv:10398464 lastack:10398464 pacing_rate 800000000bps/800000000bps app_limited unacked:1 rcv_ssthresh:42340

18:30:52.529930076 State    Recv-Q Send-Q Local Address:Port  Peer Address:PortProcess
18:30:52.529930076 SYN-SENT 0      1           10.0.0.1:55234     10.0.0.2:5001
18:30:52.529930076 	 reno rto:1000 mss:524 pmtu:1500 rcvmss:88 advmss:1460 cwnd:10 segs_out:1 lastsnd:10398467 lastrcv:10398467 lastack:10398467 pacing_rate 800000000bps/800000000bps app_limited unacked:1 rcv_ssthresh:42340

18:30:52.532047530 State    Recv-Q Send-Q Local Address:Port  Peer Address:PortProcess
18:30:52.532047530 SYN-SENT 0      1           10.0.0.1:55234     10.0.0.2:5001
18:30:52.532047530 	 reno rto:1000 mss:524 pmtu:1500 rcvmss:88 advmss:1460 cwnd:10 segs_out:1 lastsnd:10398469 lastrcv:10398469 lastack:10398469 pacing_rate 800000000bps/800000000bps app_limited unacked:1 rcv_ssthresh:42340

18:30:52.534683775 State    Recv-Q Send-Q Local Address:Port  Peer Address:PortProcess
18:30:52.534683775 SYN-SENT 0      1           10.0.0.1:55234     10.0.0.2:5001
18:30:52.534683775 	 reno rto:1000 mss:524 pmtu:1500 rcvmss:88 advmss:1460 cwnd:10 segs_out:1 lastsnd:10398471 lastrcv:10398471 lastack:10398471 pacing_rate 800000000bps/800000000bps app_limited unacked:1 rcv_ssthresh:42340

18:30:52.536948354 State    Recv-Q Send-Q Local Address:Port  Peer Address:PortProcess
18:30:52.536948354 SYN-SENT 0      1           10.0.0.1:55234     10.0.0.2:5001
18:30:52.536948354 	 reno rto:1000 mss:524 pmtu:1500 rcvmss:88 advmss:1460 cwnd:10 segs_out:1 lastsnd:10398474 lastrcv:10398474 lastack:10398474 pacing_rate 800000000bps/800000000bps app_limited unacked:1 rcv_ssthresh:42340

18:30:52.539350308 State    Recv-Q Send-Q Local Address:Port  Peer Address:PortProcess
18:30:52.539350308 SYN-SENT 0      1           10.0.0.1:55234     10.0.0.2:5001
18:30:52.539350308 	 reno rto:1000 mss:524 pmtu:1500 rcvmss:88 advmss:1460 cwnd:10 segs_out:1 lastsnd:10398476 lastrcv:10398476 lastack:10398476 pacing_rate 800000000bps/800000000bps app_limited unacked:1 rcv_ssthresh:42340

18:30:52.541656637 State    Recv-Q Send-Q Local Address:Port  Peer Address:PortProcess
18:30:52.541656637 SYN-SENT 0      1           10.0.0.1:55234     10.0.0.2:5001
18:30:52.541656637 	 reno rto:1000 mss:524 pmtu:1500 rcvmss:88 advmss:1460 cwnd:10 segs_out:1 lastsnd:10398479 lastrcv:10398479 lastack:10398479 pacing_rate 800000000bps/800000000bps app_limited unacked:1 rcv_ssthresh:42340

18:30:52.544213591 State    Recv-Q Send-Q Local Address:Port  Peer Address:PortProcess
18:30:52.544213591 SYN-SENT 0      1           10.0.0.1:55234     10.0.0.2:5001
18:30:52.544213591 	 reno rto:1000 mss:524 pmtu:1500 rcvmss:88 advmss:1460 cwnd:10 segs_out:1 lastsnd:10398481 lastrcv:10398481 lastack:10398481 pacing_rate 800000000bps/800000000bps app_limited unacked:1 rcv_ssthresh:42340

18:30:52.546399087 State    Recv-Q Send-Q Local Address:Port  Peer Address:PortProcess
18:30:52.546399087 SYN-SENT 0      1           10.0.0.1:55234     10.0.0.2:5001
18:30:52.546399087 	 reno rto:1000 mss:524 pmtu:1500 rcvmss:88 advmss:1460 cwnd:10 segs_out:1 lastsnd:10398484 lastrcv:10398484 lastack:10398484 pacing_rate 800000000bps/800000000bps app_limited unacked:1 rcv_ssthresh:42340

18:30:52.549532873 State    Recv-Q Send-Q Local Address:Port  Peer Address:PortProcess
18:30:52.549532873 SYN-SENT 0      1           10.0.0.1:55234     10.0.0.2:5001
18:30:52.549532873 	 reno rto:1000 mss:524 pmtu:1500 rcvmss:88 advmss:1460 cwnd:10 segs_out:1 lastsnd:10398486 lastrcv:10398486 lastack:10398486 pacing_rate 800000000bps/800000000bps app_limited unacked:1 rcv_ssthresh:42340

18:30:52.551660660 State    Recv-Q Send-Q Local Address:Port  Peer Address:PortProcess
18:30:52.551660660 SYN-SENT 0      1           10.0.0.1:55234     10.0.0.2:5001
18:30:52.551660660 	 reno rto:1000 mss:524 pmtu:1500 rcvmss:88 advmss:1460 cwnd:10 segs_out:1 lastsnd:10398488 lastrcv:10398488 lastack:10398488 pacing_rate 800000000bps/800000000bps app_limited unacked:1 rcv_ssthresh:42340

18:30:52.553794407 State    Recv-Q Send-Q Local Address:Port  Peer Address:PortProcess
18:30:52.553794407 SYN-SENT 0      1           10.0.0.1:55234     10.0.0.2:5001
18:30:52.553794407 	 reno rto:1000 mss:524 pmtu:1500 rcvmss:88 advmss:1460 cwnd:10 segs_out:1 lastsnd:10398491 lastrcv:10398491 lastack:10398491 pacing_rate 800000000bps/800000000bps app_limited unacked:1 rcv_ssthresh:42340

18:30:52.556106861 State    Recv-Q Send-Q Local Address:Port  Peer Address:PortProcess
18:30:52.556106861 SYN-SENT 0      1           10.0.0.1:55234     10.0.0.2:5001
18:30:52.556106861 	 reno rto:1000 mss:524 pmtu:1500 rcvmss:88 advmss:1460 cwnd:10 segs_out:1 lastsnd:10398493 lastrcv:10398493 lastack:10398493 pacing_rate 800000000bps/800000000bps app_limited unacked:1 rcv_ssthresh:42340

18:30:52.558250773 State    Recv-Q Send-Q Local Address:Port  Peer Address:PortProcess
18:30:52.558250773 SYN-SENT 0      1           10.0.0.1:55234     10.0.0.2:5001
18:30:52.558250773 	 reno rto:1000 mss:524 pmtu:1500 rcvmss:88 advmss:1460 cwnd:10 segs_out:1 lastsnd:10398495 lastrcv:10398495 lastack:10398495 pacing_rate 800000000bps/800000000bps app_limited unacked:1 rcv_ssthresh:42340

18:30:52.560251603 State    Recv-Q Send-Q Local Address:Port  Peer Address:PortProcess
18:30:52.560251603 SYN-SENT 0      1           10.0.0.1:55234     10.0.0.2:5001
18:30:52.560251603 	 reno rto:1000 mss:524 pmtu:1500 rcvmss:88 advmss:1460 cwnd:10 segs_out:1 lastsnd:10398497 lastrcv:10398497 lastack:10398497 pacing_rate 800000000bps/800000000bps app_limited unacked:1 rcv_ssthresh:42340

18:30:52.562511182 State    Recv-Q Send-Q Local Address:Port  Peer Address:PortProcess
18:30:52.562511182 SYN-SENT 0      1           10.0.0.1:55234     10.0.0.2:5001
18:30:52.562511182 	 reno rto:1000 mss:524 pmtu:1500 rcvmss:88 advmss:1460 cwnd:10 segs_out:1 lastsnd:10398499 lastrcv:10398499 lastack:10398499 pacing_rate 800000000bps/800000000bps app_limited unacked:1 rcv_ssthresh:42340

18:30:52.565018136 State Recv-Q Send-Q Local Address:Port  Peer Address:PortProcess
18:30:52.565018136 ESTAB 0      99992       10.0.0.1:55234     10.0.0.2:5001
18:30:52.565018136 	 reno wscale:9,9 rto:264 rtt:63.49/31.745 mss:1448 pmtu:1500 rcvmss:536 advmss:1448 cwnd:10 bytes_sent:13112 bytes_acked:1 segs_out:12 segs_in:1 data_segs_out:10 send 1824539bps lastsnd:2 lastrcv:2 lastack:2 delivered:1 app_limited busy:2ms unacked:10 rcv_space:14480 rcv_ssthresh:42242 notsent:86880 minrtt:63.49 snd_wnd:43440

18:30:52.567778339 State Recv-Q Send-Q Local Address:Port  Peer Address:PortProcess
18:30:52.567778339 ESTAB 0      99992       10.0.0.1:55234     10.0.0.2:5001
18:30:52.567778339 	 reno wscale:9,9 rto:264 rtt:63.49/31.745 mss:1448 pmtu:1500 rcvmss:536 advmss:1448 cwnd:10 bytes_sent:13112 bytes_acked:1 segs_out:12 segs_in:1 data_segs_out:10 send 1824539bps lastsnd:5 lastrcv:5 lastack:5 delivered:1 app_limited busy:5ms unacked:10 rcv_space:14480 rcv_ssthresh:42242 notsent:86880 minrtt:63.49 snd_wnd:43440

18:30:52.570012043 State Recv-Q Send-Q Local Address:Port  Peer Address:PortProcess
18:30:52.570012043 ESTAB 0      99992       10.0.0.1:55234     10.0.0.2:5001
18:30:52.570012043 	 reno wscale:9,9 rto:264 rtt:63.49/31.745 mss:1448 pmtu:1500 rcvmss:536 advmss:1448 cwnd:10 bytes_sent:13112 bytes_acked:1 segs_out:12 segs_in:1 data_segs_out:10 send 1824539bps lastsnd:7 lastrcv:7 lastack:7 delivered:1 app_limited busy:7ms unacked:10 rcv_space:14480 rcv_ssthresh:42242 notsent:86880 minrtt:63.49 snd_wnd:43440

18:30:52.572338372 State Recv-Q Send-Q Local Address:Port  Peer Address:PortProcess
18:30:52.572338372 ESTAB 0      99992       10.0.0.1:55234     10.0.0.2:5001
18:30:52.572338372 	 reno wscale:9,9 rto:264 rtt:63.49/31.745 mss:1448 pmtu:1500 rcvmss:536 advmss:1448 cwnd:10 bytes_sent:13112 bytes_acked:1 segs_out:12 segs_in:1 data_segs_out:10 send 1824539bps lastsnd:9 lastrcv:9 lastack:9 delivered:1 app_limited busy:9ms unacked:10 rcv_space:14480 rcv_ssthresh:42242 notsent:86880 minrtt:63.49 snd_wnd:43440

18:30:52.574885534 State Recv-Q Send-Q Local Address:Port  Peer Address:PortProcess
18:30:52.574885534 ESTAB 0      99992       10.0.0.1:55234     10.0.0.2:5001
18:30:52.574885534 	 reno wscale:9,9 rto:264 rtt:63.49/31.745 mss:1448 pmtu:1500 rcvmss:536 advmss:1448 cwnd:10 bytes_sent:13112 bytes_acked:1 segs_out:12 segs_in:1 data_segs_out:10 send 1824539bps lastsnd:12 lastrcv:12 lastack:12 delivered:1 app_limited busy:12ms unacked:10 rcv_space:14480 rcv_ssthresh:42242 notsent:86880 minrtt:63.49 snd_wnd:43440

18:30:52.576890739 State Recv-Q Send-Q Local Address:Port  Peer Address:PortProcess
18:30:52.576890739 ESTAB 0      99992       10.0.0.1:55234     10.0.0.2:5001
18:30:52.576890739 	 reno wscale:9,9 rto:264 rtt:63.49/31.745 mss:1448 pmtu:1500 rcvmss:536 advmss:1448 cwnd:10 bytes_sent:13112 bytes_acked:1 segs_out:12 segs_in:1 data_segs_out:10 send 1824539bps lastsnd:14 lastrcv:14 lastack:14 delivered:1 app_limited busy:14ms unacked:10 rcv_space:14480 rcv_ssthresh:42242 notsent:86880 minrtt:63.49 snd_wnd:43440

18:30:52.579279151 State Recv-Q Send-Q Local Address:Port  Peer Address:PortProcess
18:30:52.579279151 ESTAB 0      99992       10.0.0.1:55234     10.0.0.2:5001
18:30:52.579279151 	 reno wscale:9,9 rto:264 rtt:63.49/31.745 mss:1448 pmtu:1500 rcvmss:536 advmss:1448 cwnd:10 bytes_sent:13112 bytes_acked:1 segs_out:12 segs_in:1 data_segs_out:10 send 1824539bps lastsnd:16 lastrcv:16 lastack:16 delivered:1 app_limited busy:16ms unacked:10 rcv_space:14480 rcv_ssthresh:42242 notsent:86880 minrtt:63.49 snd_wnd:43440

18:30:52.581828063 State Recv-Q Send-Q Local Address:Port  Peer Address:PortProcess
18:30:52.581828063 ESTAB 0      99992       10.0.0.1:55234     10.0.0.2:5001
18:30:52.581828063 	 reno wscale:9,9 rto:264 rtt:63.49/31.745 mss:1448 pmtu:1500 rcvmss:536 advmss:1448 cwnd:10 bytes_sent:13112 bytes_acked:1 segs_out:12 segs_in:1 data_segs_out:10 send 1824539bps lastsnd:19 lastrcv:19 lastack:19 delivered:1 app_limited busy:19ms unacked:10 rcv_space:14480 rcv_ssthresh:42242 notsent:86880 minrtt:63.49 snd_wnd:43440

18:30:52.584393391 State Recv-Q Send-Q Local Address:Port  Peer Address:PortProcess
18:30:52.584393391 ESTAB 0      99992       10.0.0.1:55234     10.0.0.2:5001
18:30:52.584393391 	 reno wscale:9,9 rto:264 rtt:63.49/31.745 mss:1448 pmtu:1500 rcvmss:536 advmss:1448 cwnd:10 bytes_sent:13112 bytes_acked:1 segs_out:12 segs_in:1 data_segs_out:10 send 1824539bps lastsnd:21 lastrcv:21 lastack:21 delivered:1 app_limited busy:21ms unacked:10 rcv_space:14480 rcv_ssthresh:42242 notsent:86880 minrtt:63.49 snd_wnd:43440

18:30:52.586695470 State Recv-Q Send-Q Local Address:Port  Peer Address:PortProcess
18:30:52.586695470 ESTAB 0      99992       10.0.0.1:55234     10.0.0.2:5001
18:30:52.586695470 	 reno wscale:9,9 rto:264 rtt:63.49/31.745 mss:1448 pmtu:1500 rcvmss:536 advmss:1448 cwnd:10 bytes_sent:13112 bytes_acked:1 segs_out:12 segs_in:1 data_segs_out:10 send 1824539bps lastsnd:24 lastrcv:24 lastack:24 delivered:1 app_limited busy:24ms unacked:10 rcv_space:14480 rcv_ssthresh:42242 notsent:86880 minrtt:63.49 snd_wnd:43440

18:30:52.589584257 State Recv-Q Send-Q Local Address:Port  Peer Address:PortProcess
18:30:52.589584257 ESTAB 0      99992       10.0.0.1:55234     10.0.0.2:5001
18:30:52.589584257 	 reno wscale:9,9 rto:264 rtt:63.49/31.745 mss:1448 pmtu:1500 rcvmss:536 advmss:1448 cwnd:10 bytes_sent:13112 bytes_acked:1 segs_out:12 segs_in:1 data_segs_out:10 send 1824539bps lastsnd:27 lastrcv:27 lastack:27 delivered:1 app_limited busy:27ms unacked:10 rcv_space:14480 rcv_ssthresh:42242 notsent:86880 minrtt:63.49 snd_wnd:43440

18:30:52.592130419 State Recv-Q Send-Q Local Address:Port  Peer Address:PortProcess
18:30:52.592130419 ESTAB 0      99992       10.0.0.1:55234     10.0.0.2:5001
18:30:52.592130419 	 reno wscale:9,9 rto:264 rtt:63.49/31.745 mss:1448 pmtu:1500 rcvmss:536 advmss:1448 cwnd:10 bytes_sent:13112 bytes_acked:1 segs_out:12 segs_in:1 data_segs_out:10 send 1824539bps lastsnd:29 lastrcv:29 lastack:29 delivered:1 app_limited busy:29ms unacked:10 rcv_space:14480 rcv_ssthresh:42242 notsent:86880 minrtt:63.49 snd_wnd:43440

18:30:52.594611039 State Recv-Q Send-Q Local Address:Port  Peer Address:PortProcess
18:30:52.594611039 ESTAB 28     115840      10.0.0.1:55234     10.0.0.2:5001
18:30:52.594611039 	 reno wscale:9,9 rto:244 rtt:43.852/20.832 ato:40 mss:1448 pmtu:1500 rcvmss:536 advmss:1448 cwnd:17 bytes_sent:16008 bytes_acked:8769 bytes_received:28 segs_out:15 segs_in:9 data_segs_out:12 data_segs_in:1 send 4490742bps lastsnd:1 lastrcv:1 lastack:1 pacing_rate 289600bps/800000000bps delivery_rate 2570712bps delivered:8 app_limited busy:32ms unacked:5 rcv_space:14480 rcv_ssthresh:42242 notsent:108600 minrtt:30.813 snd_wnd:52736

18:30:52.596916326 State Recv-Q Send-Q Local Address:Port  Peer Address:PortProcess
18:30:52.596916326 ESTAB 28     111496      10.0.0.1:55234     10.0.0.2:5001
18:30:52.596916326 	 reno wscale:9,9 rto:240 rtt:39.967/14.609 ato:40 mss:1448 pmtu:1500 rcvmss:536 advmss:1448 cwnd:20 bytes_sent:16008 bytes_acked:13113 bytes_received:28 segs_out:15 segs_in:12 data_segs_out:12 data_segs_in:1 send 5796782bps lastsnd:3 lastrcv:3 lastack:2 pacing_rate 324352bps/800000000bps delivery_rate 3587152bps delivered:11 app_limited busy:34ms unacked:2 rcv_space:14480 rcv_ssthresh:42242 notsent:108600 minrtt:30.813 snd_wnd:52736

18:30:52.599147656 State Recv-Q Send-Q Local Address:Port  Peer Address:PortProcess
18:30:52.599147656 ESTAB 28     111496      10.0.0.1:55234     10.0.0.2:5001
18:30:52.599147656 	 reno wscale:9,9 rto:240 rtt:39.967/14.609 ato:40 mss:1448 pmtu:1500 rcvmss:536 advmss:1448 cwnd:20 bytes_sent:16008 bytes_acked:13113 bytes_received:28 segs_out:15 segs_in:12 data_segs_out:12 data_segs_in:1 send 5796782bps lastsnd:5 lastrcv:5 lastack:4 pacing_rate 324352bps/800000000bps delivery_rate 3587152bps delivered:11 app_limited busy:36ms unacked:2 rcv_space:14480 rcv_ssthresh:42242 notsent:108600 minrtt:30.813 snd_wnd:52736

18:30:52.601719901 State Recv-Q Send-Q Local Address:Port  Peer Address:PortProcess
18:30:52.601719901 ESTAB 28     111496      10.0.0.1:55234     10.0.0.2:5001
18:30:52.601719901 	 reno wscale:9,9 rto:240 rtt:39.967/14.609 ato:40 mss:1448 pmtu:1500 rcvmss:536 advmss:1448 cwnd:20 bytes_sent:16008 bytes_acked:13113 bytes_received:28 segs_out:15 segs_in:12 data_segs_out:12 data_segs_in:1 send 5796782bps lastsnd:8 lastrcv:8 lastack:7 pacing_rate 324352bps/800000000bps delivery_rate 3587152bps delivered:11 app_limited busy:39ms unacked:2 rcv_space:14480 rcv_ssthresh:42242 notsent:108600 minrtt:30.813 snd_wnd:52736

18:30:52.604135396 State Recv-Q Send-Q Local Address:Port  Peer Address:PortProcess
18:30:52.604135396 ESTAB 28     111496      10.0.0.1:55234     10.0.0.2:5001
18:30:52.604135396 	 reno wscale:9,9 rto:240 rtt:39.967/14.609 ato:40 mss:1448 pmtu:1500 rcvmss:536 advmss:1448 cwnd:20 bytes_sent:16008 bytes_acked:13113 bytes_received:28 segs_out:15 segs_in:12 data_segs_out:12 data_segs_in:1 send 5796782bps lastsnd:10 lastrcv:10 lastack:9 pacing_rate 324352bps/800000000bps delivery_rate 3587152bps delivered:11 app_limited busy:41ms unacked:2 rcv_space:14480 rcv_ssthresh:42242 notsent:108600 minrtt:30.813 snd_wnd:52736

18:30:52.606377684 State Recv-Q Send-Q Local Address:Port  Peer Address:PortProcess
18:30:52.606377684 ESTAB 28     111496      10.0.0.1:55234     10.0.0.2:5001
18:30:52.606377684 	 reno wscale:9,9 rto:240 rtt:39.967/14.609 ato:40 mss:1448 pmtu:1500 rcvmss:536 advmss:1448 cwnd:20 bytes_sent:16008 bytes_acked:13113 bytes_received:28 segs_out:15 segs_in:12 data_segs_out:12 data_segs_in:1 send 5796782bps lastsnd:12 lastrcv:12 lastack:11 pacing_rate 324352bps/800000000bps delivery_rate 3587152bps delivered:11 app_limited busy:43ms unacked:2 rcv_space:14480 rcv_ssthresh:42242 notsent:108600 minrtt:30.813 snd_wnd:52736

18:30:52.608850512 State Recv-Q Send-Q Local Address:Port  Peer Address:PortProcess
18:30:52.608850512 ESTAB 28     111496      10.0.0.1:55234     10.0.0.2:5001
18:30:52.608850512 	 reno wscale:9,9 rto:240 rtt:39.967/14.609 ato:40 mss:1448 pmtu:1500 rcvmss:536 advmss:1448 cwnd:20 bytes_sent:16008 bytes_acked:13113 bytes_received:28 segs_out:15 segs_in:12 data_segs_out:12 data_segs_in:1 send 5796782bps lastsnd:15 lastrcv:15 lastack:14 pacing_rate 324352bps/800000000bps delivery_rate 3587152bps delivered:11 app_limited busy:46ms unacked:2 rcv_space:14480 rcv_ssthresh:42242 notsent:108600 minrtt:30.813 snd_wnd:52736

18:30:52.611395049 State Recv-Q Send-Q Local Address:Port  Peer Address:PortProcess
18:30:52.611395049 ESTAB 28     111496      10.0.0.1:55234     10.0.0.2:5001
18:30:52.611395049 	 reno wscale:9,9 rto:240 rtt:39.967/14.609 ato:40 mss:1448 pmtu:1500 rcvmss:536 advmss:1448 cwnd:20 bytes_sent:16008 bytes_acked:13113 bytes_received:28 segs_out:15 segs_in:12 data_segs_out:12 data_segs_in:1 send 5796782bps lastsnd:18 lastrcv:18 lastack:17 pacing_rate 324352bps/800000000bps delivery_rate 3587152bps delivered:11 app_limited busy:49ms unacked:2 rcv_space:14480 rcv_ssthresh:42242 notsent:108600 minrtt:30.813 snd_wnd:52736

18:30:52.614308669 State Recv-Q Send-Q Local Address:Port  Peer Address:PortProcess
18:30:52.614308669 ESTAB 28     111496      10.0.0.1:55234     10.0.0.2:5001
