12:40:47.609444564 State Recv-Q Send-Q Local Address:Port Peer Address:PortProcess

12:40:47.612326050 State Recv-Q Send-Q Local Address:Port Peer Address:PortProcess

12:40:47.615324714 State Recv-Q Send-Q Local Address:Port Peer Address:PortProcess

12:40:47.621854580 State Recv-Q Send-Q Local Address:Port Peer Address:PortProcess

12:40:47.627380651 State Recv-Q Send-Q Local Address:Port Peer Address:PortProcess

12:40:47.632086473 State Recv-Q Send-Q Local Address:Port Peer Address:PortProcess

12:40:47.635583761 State Recv-Q Send-Q Local Address:Port Peer Address:PortProcess

12:40:47.638421946 State Recv-Q Send-Q Local Address:Port Peer Address:PortProcess

12:40:47.640834719 State Recv-Q Send-Q Local Address:Port Peer Address:PortProcess

12:40:47.643285744 State Recv-Q Send-Q Local Address:Port Peer Address:PortProcess

12:40:47.646220375 State Recv-Q Send-Q Local Address:Port Peer Address:PortProcess

12:40:47.652377724 State Recv-Q Send-Q Local Address:Port Peer Address:PortProcess

12:40:47.657945593 State Recv-Q Send-Q Local Address:Port Peer Address:PortProcess

12:40:47.664633393 State Recv-Q Send-Q Local Address:Port Peer Address:PortProcess

12:40:47.668062977 State Recv-Q Send-Q Local Address:Port Peer Address:PortProcess

12:40:47.671448926 State Recv-Q Send-Q Local Address:Port Peer Address:PortProcess

12:40:47.674229378 State Recv-Q Send-Q Local Address:Port Peer Address:PortProcess

12:40:47.678198591 State Recv-Q Send-Q Local Address:Port Peer Address:PortProcess

12:40:47.684944501 State Recv-Q Send-Q Local Address:Port Peer Address:PortProcess

12:40:47.690288943 State Recv-Q Send-Q Local Address:Port Peer Address:PortProcess

12:40:47.695404451 State Recv-Q Send-Q Local Address:Port Peer Address:PortProcess

12:40:47.698278428 State Recv-Q Send-Q Local Address:Port Peer Address:PortProcess

12:40:47.701143019 State Recv-Q Send-Q Local Address:Port Peer Address:PortProcess

12:40:47.704084283 State Recv-Q Send-Q Local Address:Port Peer Address:PortProcess

12:40:47.707345671 State Recv-Q Send-Q Local Address:Port Peer Address:PortProcess

12:40:47.711844877 State Recv-Q Send-Q Local Address:Port Peer Address:PortProcess

12:40:47.716405571 State Recv-Q Send-Q Local Address:Port Peer Address:PortProcess

12:40:47.723294189 State Recv-Q Send-Q Local Address:Port Peer Address:PortProcess

12:40:47.728937980 State Recv-Q Send-Q Local Address:Port Peer Address:PortProcess

12:40:47.732439898 State Recv-Q Send-Q Local Address:Port Peer Address:PortProcess

12:40:47.735429510 State Recv-Q Send-Q Local Address:Port Peer Address:PortProcess

12:40:47.737578058 State Recv-Q Send-Q Local Address:Port Peer Address:PortProcess

12:40:47.740204413 State Recv-Q Send-Q Local Address:Port Peer Address:PortProcess

12:40:47.745281752 State Recv-Q Send-Q Local Address:Port Peer Address:PortProcess

12:40:47.751985780 State Recv-Q Send-Q Local Address:Port Peer Address:PortProcess

12:40:47.756329513 State Recv-Q Send-Q Local Address:Port Peer Address:PortProcess

12:40:47.758846448 State Recv-Q Send-Q Local Address:Port Peer Address:PortProcess

12:40:47.761323087 State Recv-Q Send-Q Local Address:Port Peer Address:PortProcess

12:40:47.763706450 State Recv-Q Send-Q Local Address:Port Peer Address:PortProcess

12:40:47.766038587 State Recv-Q Send-Q Local Address:Port Peer Address:PortProcess

12:40:47.768402511 State Recv-Q Send-Q Local Address:Port Peer Address:PortProcess

12:40:47.772021357 State Recv-Q Send-Q Local Address:Port Peer Address:PortProcess

12:40:47.777954444 State Recv-Q Send-Q Local Address:Port Peer Address:PortProcess

12:40:47.781783327 State Recv-Q Send-Q Local Address:Port Peer Address:PortProcess

12:40:47.785270227 State Recv-Q Send-Q Local Address:Port Peer Address:PortProcess

12:40:47.787440467 State Recv-Q Send-Q Local Address:Port Peer Address:PortProcess

12:40:47.790073496 State Recv-Q Send-Q Local Address:Port Peer Address:PortProcess

12:40:47.792944470 State Recv-Q Send-Q Local Address:Port Peer Address:PortProcess

12:40:47.796551552 State Recv-Q Send-Q Local Address:Port Peer Address:PortProcess

12:40:47.799181494 State Recv-Q Send-Q Local Address:Port Peer Address:PortProcess

12:40:47.801859451 State Recv-Q Send-Q Local Address:Port Peer Address:PortProcess

12:40:47.805168895 State Recv-Q Send-Q Local Address:Port Peer Address:PortProcess

12:40:47.808457272 State Recv-Q Send-Q Local Address:Port Peer Address:PortProcess

12:40:47.811369001 State Recv-Q Send-Q Local Address:Port Peer Address:PortProcess

12:40:47.813675734 State Recv-Q Send-Q Local Address:Port Peer Address:PortProcess

12:40:47.816136479 State Recv-Q Send-Q Local Address:Port Peer Address:PortProcess

12:40:47.818442544 State Recv-Q Send-Q Local Address:Port Peer Address:PortProcess

12:40:47.820583457 State Recv-Q Send-Q Local Address:Port Peer Address:PortProcess

12:40:47.824729418 State Recv-Q Send-Q Local Address:Port Peer Address:PortProcess

12:40:47.827451051 State Recv-Q Send-Q Local Address:Port Peer Address:PortProcess

12:40:47.829977498 State Recv-Q Send-Q Local Address:Port Peer Address:PortProcess

12:40:47.832774218 State Recv-Q Send-Q Local Address:Port Peer Address:PortProcess

12:40:47.835339502 State Recv-Q Send-Q Local Address:Port Peer Address:PortProcess

12:40:47.841448127 State Recv-Q Send-Q Local Address:Port Peer Address:PortProcess

12:40:47.847337830 State Recv-Q Send-Q Local Address:Port Peer Address:PortProcess

12:40:47.849992217 State Recv-Q Send-Q Local Address:Port Peer Address:PortProcess

12:40:47.853049659 State Recv-Q Send-Q Local Address:Port Peer Address:PortProcess

12:40:47.855206216 State Recv-Q Send-Q Local Address:Port Peer Address:PortProcess

12:40:47.857615818 State Recv-Q Send-Q Local Address:Port Peer Address:PortProcess

12:40:47.860227114 State Recv-Q Send-Q Local Address:Port Peer Address:PortProcess

12:40:47.862916584 State Recv-Q Send-Q Local Address:Port Peer Address:PortProcess

12:40:47.865277671 State Recv-Q Send-Q Local Address:Port Peer Address:PortProcess

12:40:47.868062002 State Recv-Q Send-Q Local Address:Port Peer Address:PortProcess

12:40:47.870865605 State Recv-Q Send-Q Local Address:Port Peer Address:PortProcess

12:40:47.873556786 State Recv-Q Send-Q Local Address:Port Peer Address:PortProcess

12:40:47.876263360 State Recv-Q Send-Q Local Address:Port Peer Address:PortProcess

12:40:47.878631413 State Recv-Q Send-Q Local Address:Port Peer Address:PortProcess

12:40:47.882106633 State Recv-Q Send-Q Local Address:Port Peer Address:PortProcess

12:40:47.884122360 State Recv-Q Send-Q Local Address:Port Peer Address:PortProcess

12:40:47.886829767 State Recv-Q Send-Q Local Address:Port Peer Address:PortProcess

12:40:47.889538468 State Recv-Q Send-Q Local Address:Port Peer Address:PortProcess

12:40:47.892067585 State Recv-Q Send-Q Local Address:Port Peer Address:PortProcess

12:40:47.894430883 State Recv-Q Send-Q Local Address:Port Peer Address:PortProcess

12:40:47.897616015 State Recv-Q Send-Q Local Address:Port Peer Address:PortProcess

12:40:47.902961458 State Recv-Q Send-Q Local Address:Port Peer Address:PortProcess

12:40:47.908180587 State Recv-Q Send-Q Local Address:Port Peer Address:PortProcess

12:40:47.911400843 State Recv-Q Send-Q Local Address:Port Peer Address:PortProcess

12:40:47.914116010 State Recv-Q Send-Q Local Address:Port Peer Address:PortProcess

12:40:47.917018270 State Recv-Q Send-Q Local Address:Port Peer Address:PortProcess

12:40:47.919859334 State Recv-Q Send-Q Local Address:Port Peer Address:PortProcess

12:40:47.922322290 State Recv-Q Send-Q Local Address:Port Peer Address:PortProcess

12:40:47.925736147 State Recv-Q Send-Q Local Address:Port Peer Address:PortProcess

12:40:47.928563445 State Recv-Q Send-Q Local Address:Port Peer Address:PortProcess

12:40:47.930561317 State Recv-Q Send-Q Local Address:Port Peer Address:PortProcess

12:40:47.934446473 State Recv-Q Send-Q Local Address:Port Peer Address:PortProcess

12:40:47.937036327 State Recv-Q Send-Q Local Address:Port Peer Address:PortProcess

12:40:47.940287494 State Recv-Q Send-Q Local Address:Port Peer Address:PortProcess

12:40:47.943272643 State Recv-Q Send-Q Local Address:Port Peer Address:PortProcess

12:40:47.946009752 State Recv-Q Send-Q Local Address:Port Peer Address:PortProcess

12:40:47.948366876 State Recv-Q Send-Q Local Address:Port Peer Address:PortProcess

12:40:47.950590178 State Recv-Q Send-Q Local Address:Port Peer Address:PortProcess

12:40:47.953617167 State Recv-Q Send-Q Local Address:Port Peer Address:PortProcess

12:40:47.956561810 State Recv-Q Send-Q Local Address:Port Peer Address:PortProcess

12:40:47.958535862 State Recv-Q Send-Q Local Address:Port Peer Address:PortProcess

12:40:47.961143445 State Recv-Q Send-Q Local Address:Port Peer Address:PortProcess

12:40:47.965375840 State Recv-Q Send-Q Local Address:Port Peer Address:PortProcess

12:40:47.970880553 State Recv-Q Send-Q Local Address:Port Peer Address:PortProcess

12:40:47.974137059 State Recv-Q Send-Q Local Address:Port Peer Address:PortProcess

12:40:47.977101183 State Recv-Q Send-Q Local Address:Port Peer Address:PortProcess

12:40:47.979901575 State Recv-Q Send-Q Local Address:Port Peer Address:PortProcess

12:40:47.982356646 State Recv-Q Send-Q Local Address:Port Peer Address:PortProcess

12:40:47.984775217 State Recv-Q Send-Q Local Address:Port Peer Address:PortProcess

12:40:47.989602681 State Recv-Q Send-Q Local Address:Port Peer Address:PortProcess

12:40:47.992252772 State Recv-Q Send-Q Local Address:Port Peer Address:PortProcess

12:40:47.996275172 State Recv-Q Send-Q Local Address:Port Peer Address:PortProcess

12:40:48.000307876 State Recv-Q Send-Q Local Address:Port Peer Address:PortProcess

12:40:48.003006102 State Recv-Q Send-Q Local Address:Port Peer Address:PortProcess

12:40:48.006113500 State Recv-Q Send-Q Local Address:Port Peer Address:PortProcess

12:40:48.008982930 State Recv-Q Send-Q Local Address:Port Peer Address:PortProcess

12:40:48.011327160 State Recv-Q Send-Q Local Address:Port Peer Address:PortProcess

12:40:48.013366598 State Recv-Q Send-Q Local Address:Port Peer Address:PortProcess

12:40:48.015929901 State Recv-Q Send-Q Local Address:Port Peer Address:PortProcess

12:40:48.018414869 State Recv-Q Send-Q Local Address:Port Peer Address:PortProcess

12:40:48.021035860 State Recv-Q Send-Q Local Address:Port Peer Address:PortProcess

12:40:48.023373250 State Recv-Q Send-Q Local Address:Port Peer Address:PortProcess

12:40:48.027445703 State Recv-Q Send-Q Local Address:Port Peer Address:PortProcess

12:40:48.031187044 State Recv-Q Send-Q Local Address:Port Peer Address:PortProcess

12:40:48.034610830 State Recv-Q Send-Q Local Address:Port Peer Address:PortProcess

12:40:48.037511878 State Recv-Q Send-Q Local Address:Port Peer Address:PortProcess

12:40:48.039846973 State Recv-Q Send-Q Local Address:Port Peer Address:PortProcess

12:40:48.042037619 State Recv-Q Send-Q Local Address:Port Peer Address:PortProcess

12:40:48.044239068 State Recv-Q Send-Q Local Address:Port Peer Address:PortProcess

12:40:48.046931971 State Recv-Q Send-Q Local Address:Port Peer Address:PortProcess

12:40:48.048908549 State Recv-Q Send-Q Local Address:Port Peer Address:PortProcess

12:40:48.051305295 State Recv-Q Send-Q Local Address:Port Peer Address:PortProcess

12:40:48.053900216 State Recv-Q Send-Q Local Address:Port Peer Address:PortProcess

12:40:48.056163524 State Recv-Q Send-Q Local Address:Port Peer Address:PortProcess

12:40:48.058319340 State Recv-Q Send-Q Local Address:Port Peer Address:PortProcess

12:40:48.060885730 State Recv-Q Send-Q Local Address:Port Peer Address:PortProcess

12:40:48.063330779 State Recv-Q Send-Q Local Address:Port Peer Address:PortProcess

12:40:48.066054925 State Recv-Q Send-Q Local Address:Port Peer Address:PortProcess

12:40:48.068260545 State Recv-Q Send-Q Local Address:Port Peer Address:PortProcess

12:40:48.071012096 State Recv-Q Send-Q Local Address:Port Peer Address:PortProcess

12:40:48.073190311 State Recv-Q Send-Q Local Address:Port Peer Address:PortProcess

12:40:48.075551852 State Recv-Q Send-Q Local Address:Port Peer Address:PortProcess

12:40:48.077605222 State Recv-Q Send-Q Local Address:Port Peer Address:PortProcess

12:40:48.079986702 State Recv-Q Send-Q Local Address:Port Peer Address:PortProcess

12:40:48.082629383 State Recv-Q Send-Q Local Address:Port Peer Address:PortProcess

12:40:48.084783906 State Recv-Q Send-Q Local Address:Port Peer Address:PortProcess

12:40:48.087080000 State Recv-Q Send-Q Local Address:Port Peer Address:PortProcess

12:40:48.089240404 State Recv-Q Send-Q Local Address:Port Peer Address:PortProcess

12:40:48.091823896 State Recv-Q Send-Q Local Address:Port Peer Address:PortProcess

12:40:48.094020757 State Recv-Q Send-Q Local Address:Port Peer Address:PortProcess

12:40:48.096351639 State Recv-Q Send-Q Local Address:Port Peer Address:PortProcess

12:40:48.099036701 State Recv-Q Send-Q Local Address:Port Peer Address:PortProcess

12:40:48.101134703 State Recv-Q Send-Q Local Address:Port Peer Address:PortProcess

12:40:48.103221735 State Recv-Q Send-Q Local Address:Port Peer Address:PortProcess

12:40:48.105493011 State Recv-Q Send-Q Local Address:Port Peer Address:PortProcess

12:40:48.108071164 State Recv-Q Send-Q Local Address:Port Peer Address:PortProcess

12:40:48.110392244 State Recv-Q Send-Q Local Address:Port Peer Address:PortProcess

12:40:48.112501592 State    Recv-Q Send-Q Local Address:Port  Peer Address:PortProcess
12:40:48.112501592 SYN-SENT 0      1           10.0.0.1:44470     10.0.0.2:5001
12:40:48.112501592 	 reno rto:1000 mss:524 pmtu:1500 rcvmss:88 advmss:1460 cwnd:10 segs_out:1 lastsnd:4294754049 lastrcv:4294754049 lastack:4294754049 pacing_rate 800000000bps/800000000bps app_limited unacked:1 rcv_ssthresh:42340

12:40:48.115382200 State    Recv-Q Send-Q Local Address:Port  Peer Address:PortProcess
12:40:48.115382200 SYN-SENT 0      1           10.0.0.1:44470     10.0.0.2:5001
12:40:48.115382200 	 reno rto:1000 mss:524 pmtu:1500 rcvmss:88 advmss:1460 cwnd:10 segs_out:1 lastsnd:4294754052 lastrcv:4294754052 lastack:4294754052 pacing_rate 800000000bps/800000000bps app_limited unacked:1 rcv_ssthresh:42340

12:40:48.117804558 State    Recv-Q Send-Q Local Address:Port  Peer Address:PortProcess
12:40:48.117804558 SYN-SENT 0      1           10.0.0.1:44470     10.0.0.2:5001
12:40:48.117804558 	 reno rto:1000 mss:524 pmtu:1500 rcvmss:88 advmss:1460 cwnd:10 segs_out:1 lastsnd:4294754054 lastrcv:4294754054 lastack:4294754054 pacing_rate 800000000bps/800000000bps app_limited unacked:1 rcv_ssthresh:42340

12:40:48.120157339 State    Recv-Q Send-Q Local Address:Port  Peer Address:PortProcess
12:40:48.120157339 SYN-SENT 0      1           10.0.0.1:44470     10.0.0.2:5001
12:40:48.120157339 	 reno rto:1000 mss:524 pmtu:1500 rcvmss:88 advmss:1460 cwnd:10 segs_out:1 lastsnd:4294754057 lastrcv:4294754057 lastack:4294754057 pacing_rate 800000000bps/800000000bps app_limited unacked:1 rcv_ssthresh:42340

12:40:48.122627540 State    Recv-Q Send-Q Local Address:Port  Peer Address:PortProcess
12:40:48.122627540 SYN-SENT 0      1           10.0.0.1:44470     10.0.0.2:5001
12:40:48.122627540 	 reno rto:1000 mss:524 pmtu:1500 rcvmss:88 advmss:1460 cwnd:10 segs_out:1 lastsnd:4294754059 lastrcv:4294754059 lastack:4294754059 pacing_rate 800000000bps/800000000bps app_limited unacked:1 rcv_ssthresh:42340

12:40:48.124895854 State    Recv-Q Send-Q Local Address:Port  Peer Address:PortProcess
12:40:48.124895854 SYN-SENT 0      1           10.0.0.1:44470     10.0.0.2:5001
12:40:48.124895854 	 reno rto:1000 mss:524 pmtu:1500 rcvmss:88 advmss:1460 cwnd:10 segs_out:1 lastsnd:4294754062 lastrcv:4294754062 lastack:4294754062 pacing_rate 800000000bps/800000000bps app_limited unacked:1 rcv_ssthresh:42340

12:40:48.127079993 State    Recv-Q Send-Q Local Address:Port  Peer Address:PortProcess
12:40:48.127079993 SYN-SENT 0      1           10.0.0.1:44470     10.0.0.2:5001
12:40:48.127079993 	 reno rto:1000 mss:524 pmtu:1500 rcvmss:88 advmss:1460 cwnd:10 segs_out:1 lastsnd:4294754064 lastrcv:4294754064 lastack:4294754064 pacing_rate 800000000bps/800000000bps app_limited unacked:1 rcv_ssthresh:42340

12:40:48.129464350 State    Recv-Q Send-Q Local Address:Port  Peer Address:PortProcess
12:40:48.129464350 SYN-SENT 0      1           10.0.0.1:44470     10.0.0.2:5001
12:40:48.129464350 	 reno rto:1000 mss:524 pmtu:1500 rcvmss:88 advmss:1460 cwnd:10 segs_out:1 lastsnd:4294754066 lastrcv:4294754066 lastack:4294754066 pacing_rate 800000000bps/800000000bps app_limited unacked:1 rcv_ssthresh:42340

12:40:48.131841199 State    Recv-Q Send-Q Local Address:Port  Peer Address:PortProcess
12:40:48.131841199 SYN-SENT 0      1           10.0.0.1:44470     10.0.0.2:5001
12:40:48.131841199 	 reno rto:1000 mss:524 pmtu:1500 rcvmss:88 advmss:1460 cwnd:10 segs_out:1 lastsnd:4294754069 lastrcv:4294754069 lastack:4294754069 pacing_rate 800000000bps/800000000bps app_limited unacked:1 rcv_ssthresh:42340

12:40:48.134318825 State    Recv-Q Send-Q Local Address:Port  Peer Address:PortProcess
12:40:48.134318825 SYN-SENT 0      1           10.0.0.1:44470     10.0.0.2:5001
12:40:48.134318825 	 reno rto:1000 mss:524 pmtu:1500 rcvmss:88 advmss:1460 cwnd:10 segs_out:1 lastsnd:4294754071 lastrcv:4294754071 lastack:4294754071 pacing_rate 800000000bps/800000000bps app_limited unacked:1 rcv_ssthresh:42340

12:40:48.137331912 State    Recv-Q Send-Q Local Address:Port  Peer Address:PortProcess
12:40:48.137331912 SYN-SENT 0      1           10.0.0.1:44470     10.0.0.2:5001
12:40:48.137331912 	 reno rto:1000 mss:524 pmtu:1500 rcvmss:88 advmss:1460 cwnd:10 segs_out:1 lastsnd:4294754074 lastrcv:4294754074 lastack:4294754074 pacing_rate 800000000bps/800000000bps app_limited unacked:1 rcv_ssthresh:42340

12:40:48.140007588 State    Recv-Q Send-Q Local Address:Port  Peer Address:PortProcess
12:40:48.140007588 SYN-SENT 0      1           10.0.0.1:44470     10.0.0.2:5001
12:40:48.140007588 	 reno rto:1000 mss:524 pmtu:1500 rcvmss:88 advmss:1460 cwnd:10 segs_out:1 lastsnd:4294754077 lastrcv:4294754077 lastack:4294754077 pacing_rate 800000000bps/800000000bps app_limited unacked:1 rcv_ssthresh:42340

12:40:48.142056078 State    Recv-Q Send-Q Local Address:Port  Peer Address:PortProcess
12:40:48.142056078 SYN-SENT 0      1           10.0.0.1:44470     10.0.0.2:5001
12:40:48.142056078 	 reno rto:1000 mss:524 pmtu:1500 rcvmss:88 advmss:1460 cwnd:10 segs_out:1 lastsnd:4294754079 lastrcv:4294754079 lastack:4294754079 pacing_rate 800000000bps/800000000bps app_limited unacked:1 rcv_ssthresh:42340

12:40:48.144187951 State    Recv-Q Send-Q Local Address:Port  Peer Address:PortProcess
12:40:48.144187951 SYN-SENT 0      1           10.0.0.1:44470     10.0.0.2:5001
12:40:48.144187951 	 reno rto:1000 mss:524 pmtu:1500 rcvmss:88 advmss:1460 cwnd:10 segs_out:1 lastsnd:4294754081 lastrcv:4294754081 lastack:4294754081 pacing_rate 800000000bps/800000000bps app_limited unacked:1 rcv_ssthresh:42340

12:40:48.146574978 State    Recv-Q Send-Q Local Address:Port  Peer Address:PortProcess
12:40:48.146574978 SYN-SENT 0      1           10.0.0.1:44470     10.0.0.2:5001
12:40:48.146574978 	 reno rto:1000 mss:524 pmtu:1500 rcvmss:88 advmss:1460 cwnd:10 segs_out:1 lastsnd:4294754083 lastrcv:4294754083 lastack:4294754083 pacing_rate 800000000bps/800000000bps app_limited unacked:1 rcv_ssthresh:42340

12:40:48.149050644 State    Recv-Q Send-Q Local Address:Port  Peer Address:PortProcess
12:40:48.149050644 SYN-SENT 0      1           10.0.0.1:44470     10.0.0.2:5001
12:40:48.149050644 	 reno rto:1000 mss:524 pmtu:1500 rcvmss:88 advmss:1460 cwnd:10 segs_out:1 lastsnd:4294754086 lastrcv:4294754086 lastack:4294754086 pacing_rate 800000000bps/800000000bps app_limited unacked:1 rcv_ssthresh:42340

12:40:48.151074399 State    Recv-Q Send-Q Local Address:Port  Peer Address:PortProcess
12:40:48.151074399 SYN-SENT 0      1           10.0.0.1:44470     10.0.0.2:5001
12:40:48.151074399 	 reno rto:1000 mss:524 pmtu:1500 rcvmss:88 advmss:1460 cwnd:10 segs_out:1 lastsnd:4294754088 lastrcv:4294754088 lastack:4294754088 pacing_rate 800000000bps/800000000bps app_limited unacked:1 rcv_ssthresh:42340

12:40:48.153415584 State    Recv-Q Send-Q Local Address:Port  Peer Address:PortProcess
12:40:48.153415584 SYN-SENT 0      1           10.0.0.1:44470     10.0.0.2:5001
12:40:48.153415584 	 reno rto:1000 mss:524 pmtu:1500 rcvmss:88 advmss:1460 cwnd:10 segs_out:1 lastsnd:4294754090 lastrcv:4294754090 lastack:4294754090 pacing_rate 800000000bps/800000000bps app_limited unacked:1 rcv_ssthresh:42340

12:40:48.156037993 State    Recv-Q Send-Q Local Address:Port  Peer Address:PortProcess
12:40:48.156037993 SYN-SENT 0      1           10.0.0.1:44470     10.0.0.2:5001
12:40:48.156037993 	 reno rto:1000 mss:524 pmtu:1500 rcvmss:88 advmss:1460 cwnd:10 segs_out:1 lastsnd:4294754093 lastrcv:4294754093 lastack:4294754093 pacing_rate 800000000bps/800000000bps app_limited unacked:1 rcv_ssthresh:42340

12:40:48.158281238 State    Recv-Q Send-Q Local Address:Port  Peer Address:PortProcess
12:40:48.158281238 SYN-SENT 0      1           10.0.0.1:44470     10.0.0.2:5001
12:40:48.158281238 	 reno rto:1000 mss:524 pmtu:1500 rcvmss:88 advmss:1460 cwnd:10 segs_out:1 lastsnd:4294754095 lastrcv:4294754095 lastack:4294754095 pacing_rate 800000000bps/800000000bps app_limited unacked:1 rcv_ssthresh:42340

12:40:48.160259777 State    Recv-Q Send-Q Local Address:Port  Peer Address:PortProcess
12:40:48.160259777 SYN-SENT 0      1           10.0.0.1:44470     10.0.0.2:5001
12:40:48.160259777 	 reno rto:1000 mss:524 pmtu:1500 rcvmss:88 advmss:1460 cwnd:10 segs_out:1 lastsnd:4294754097 lastrcv:4294754097 lastack:4294754097 pacing_rate 800000000bps/800000000bps app_limited unacked:1 rcv_ssthresh:42340

12:40:48.163278286 State    Recv-Q Send-Q Local Address:Port  Peer Address:PortProcess
12:40:48.163278286 SYN-SENT 0      1           10.0.0.1:44470     10.0.0.2:5001
12:40:48.163278286 	 reno rto:1000 mss:524 pmtu:1500 rcvmss:88 advmss:1460 cwnd:10 segs_out:1 lastsnd:4294754100 lastrcv:4294754100 lastack:4294754100 pacing_rate 800000000bps/800000000bps app_limited unacked:1 rcv_ssthresh:42340

12:40:48.165372993 State    Recv-Q Send-Q Local Address:Port  Peer Address:PortProcess
12:40:48.165372993 SYN-SENT 0      1           10.0.0.1:44470     10.0.0.2:5001
12:40:48.165372993 	 reno rto:1000 mss:524 pmtu:1500 rcvmss:88 advmss:1460 cwnd:10 segs_out:1 lastsnd:4294754102 lastrcv:4294754102 lastack:4294754102 pacing_rate 800000000bps/800000000bps app_limited unacked:1 rcv_ssthresh:42340

12:40:48.167988687 State    Recv-Q Send-Q Local Address:Port  Peer Address:PortProcess
12:40:48.167988687 SYN-SENT 0      1           10.0.0.1:44470     10.0.0.2:5001
12:40:48.167988687 	 reno rto:1000 mss:524 pmtu:1500 rcvmss:88 advmss:1460 cwnd:10 segs_out:1 lastsnd:4294754105 lastrcv:4294754105 lastack:4294754105 pacing_rate 800000000bps/800000000bps app_limited unacked:1 rcv_ssthresh:42340

12:40:48.170514115 State    Recv-Q Send-Q Local Address:Port  Peer Address:PortProcess
12:40:48.170514115 SYN-SENT 0      1           10.0.0.1:44470     10.0.0.2:5001
12:40:48.170514115 	 reno rto:1000 mss:524 pmtu:1500 rcvmss:88 advmss:1460 cwnd:10 segs_out:1 lastsnd:4294754107 lastrcv:4294754107 lastack:4294754107 pacing_rate 800000000bps/800000000bps app_limited unacked:1 rcv_ssthresh:42340

12:40:48.172925002 State    Recv-Q Send-Q Local Address:Port  Peer Address:PortProcess
12:40:48.172925002 SYN-SENT 0      1           10.0.0.1:44470     10.0.0.2:5001
12:40:48.172925002 	 reno rto:1000 mss:524 pmtu:1500 rcvmss:88 advmss:1460 cwnd:10 segs_out:1 lastsnd:4294754109 lastrcv:4294754109 lastack:4294754109 pacing_rate 800000000bps/800000000bps app_limited unacked:1 rcv_ssthresh:42340

12:40:48.175164076 State Recv-Q Send-Q Local Address:Port  Peer Address:PortProcess
12:40:48.175164076 ESTAB 0      99992       10.0.0.1:44470     10.0.0.2:5001
12:40:48.175164076 	 reno wscale:9,9 rto:265 rtt:64.012/32.006 mss:1448 pmtu:1500 rcvmss:536 advmss:1448 cwnd:10 bytes_sent:13112 bytes_acked:1 segs_out:12 segs_in:1 data_segs_out:10 send 1809661bps lastrcv:1 lastack:1 delivered:1 app_limited unacked:10 rcv_space:14480 rcv_ssthresh:42242 notsent:86880 minrtt:64.012 snd_wnd:43440

12:40:48.177840544 State Recv-Q Send-Q Local Address:Port  Peer Address:PortProcess
12:40:48.177840544 ESTAB 0      99992       10.0.0.1:44470     10.0.0.2:5001
12:40:48.177840544 	 reno wscale:9,9 rto:265 rtt:64.012/32.006 mss:1448 pmtu:1500 rcvmss:536 advmss:1448 cwnd:10 bytes_sent:13112 bytes_acked:1 segs_out:12 segs_in:1 data_segs_out:10 send 1809661bps lastsnd:3 lastrcv:4 lastack:4 delivered:1 app_limited busy:3ms unacked:10 rcv_space:14480 rcv_ssthresh:42242 notsent:86880 minrtt:64.012 snd_wnd:43440

12:40:48.180281588 State Recv-Q Send-Q Local Address:Port  Peer Address:PortProcess
12:40:48.180281588 ESTAB 0      99992       10.0.0.1:44470     10.0.0.2:5001
12:40:48.180281588 	 reno wscale:9,9 rto:265 rtt:64.012/32.006 mss:1448 pmtu:1500 rcvmss:536 advmss:1448 cwnd:10 bytes_sent:13112 bytes_acked:1 segs_out:12 segs_in:1 data_segs_out:10 send 1809661bps lastsnd:5 lastrcv:6 lastack:6 delivered:1 app_limited busy:5ms unacked:10 rcv_space:14480 rcv_ssthresh:42242 notsent:86880 minrtt:64.012 snd_wnd:43440

12:40:48.182173032 State Recv-Q Send-Q Local Address:Port  Peer Address:PortProcess
12:40:48.182173032 ESTAB 0      99992       10.0.0.1:44470     10.0.0.2:5001
12:40:48.182173032 	 reno wscale:9,9 rto:265 rtt:64.012/32.006 mss:1448 pmtu:1500 rcvmss:536 advmss:1448 cwnd:10 bytes_sent:13112 bytes_acked:1 segs_out:12 segs_in:1 data_segs_out:10 send 1809661bps lastsnd:7 lastrcv:8 lastack:8 delivered:1 app_limited busy:7ms unacked:10 rcv_space:14480 rcv_ssthresh:42242 notsent:86880 minrtt:64.012 snd_wnd:43440

12:40:48.184212178 State Recv-Q Send-Q Local Address:Port  Peer Address:PortProcess
12:40:48.184212178 ESTAB 0      99992       10.0.0.1:44470     10.0.0.2:5001
12:40:48.184212178 	 reno wscale:9,9 rto:265 rtt:64.012/32.006 mss:1448 pmtu:1500 rcvmss:536 advmss:1448 cwnd:10 bytes_sent:13112 bytes_acked:1 segs_out:12 segs_in:1 data_segs_out:10 send 1809661bps lastsnd:9 lastrcv:10 lastack:10 delivered:1 app_limited busy:9ms unacked:10 rcv_space:14480 rcv_ssthresh:42242 notsent:86880 minrtt:64.012 snd_wnd:43440

12:40:48.186509482 State Recv-Q Send-Q Local Address:Port  Peer Address:PortProcess
12:40:48.186509482 ESTAB 0      99992       10.0.0.1:44470     10.0.0.2:5001
12:40:48.186509482 	 reno wscale:9,9 rto:265 rtt:64.012/32.006 mss:1448 pmtu:1500 rcvmss:536 advmss:1448 cwnd:10 bytes_sent:13112 bytes_acked:1 segs_out:12 segs_in:1 data_segs_out:10 send 1809661bps lastsnd:11 lastrcv:12 lastack:12 delivered:1 app_limited busy:11ms unacked:10 rcv_space:14480 rcv_ssthresh:42242 notsent:86880 minrtt:64.012 snd_wnd:43440

12:40:48.188543081 State Recv-Q Send-Q Local Address:Port  Peer Address:PortProcess
12:40:48.188543081 ESTAB 0      99992       10.0.0.1:44470     10.0.0.2:5001
12:40:48.188543081 	 reno wscale:9,9 rto:265 rtt:64.012/32.006 mss:1448 pmtu:1500 rcvmss:536 advmss:1448 cwnd:10 bytes_sent:13112 bytes_acked:1 segs_out:12 segs_in:1 data_segs_out:10 send 1809661bps lastsnd:14 lastrcv:15 lastack:15 delivered:1 app_limited busy:14ms unacked:10 rcv_space:14480 rcv_ssthresh:42242 notsent:86880 minrtt:64.012 snd_wnd:43440

12:40:48.192137637 State Recv-Q Send-Q Local Address:Port  Peer Address:PortProcess
12:40:48.192137637 ESTAB 0      99992       10.0.0.1:44470     10.0.0.2:5001
12:40:48.192137637 	 reno wscale:9,9 rto:265 rtt:64.012/32.006 mss:1448 pmtu:1500 rcvmss:536 advmss:1448 cwnd:10 bytes_sent:13112 bytes_acked:1 segs_out:12 segs_in:1 data_segs_out:10 send 1809661bps lastsnd:17 lastrcv:18 lastack:18 delivered:1 app_limited busy:17ms unacked:10 rcv_space:14480 rcv_ssthresh:42242 notsent:86880 minrtt:64.012 snd_wnd:43440

12:40:48.194232511 State Recv-Q Send-Q Local Address:Port  Peer Address:PortProcess
12:40:48.194232511 ESTAB 0      99992       10.0.0.1:44470     10.0.0.2:5001
12:40:48.194232511 	 reno wscale:9,9 rto:265 rtt:64.012/32.006 mss:1448 pmtu:1500 rcvmss:536 advmss:1448 cwnd:10 bytes_sent:13112 bytes_acked:1 segs_out:12 segs_in:1 data_segs_out:10 send 1809661bps lastsnd:19 lastrcv:20 lastack:20 delivered:1 app_limited busy:19ms unacked:10 rcv_space:14480 rcv_ssthresh:42242 notsent:86880 minrtt:64.012 snd_wnd:43440

12:40:48.196536531 State Recv-Q Send-Q Local Address:Port  Peer Address:PortProcess
12:40:48.196536531 ESTAB 0      99992       10.0.0.1:44470     10.0.0.2:5001
12:40:48.196536531 	 reno wscale:9,9 rto:265 rtt:64.012/32.006 mss:1448 pmtu:1500 rcvmss:536 advmss:1448 cwnd:10 bytes_sent:13112 bytes_acked:1 segs_out:12 segs_in:1 data_segs_out:10 send 1809661bps lastsnd:22 lastrcv:23 lastack:23 delivered:1 app_limited busy:22ms unacked:10 rcv_space:14480 rcv_ssthresh:42242 notsent:86880 minrtt:64.012 snd_wnd:43440

12:40:48.199157105 State Recv-Q Send-Q Local Address:Port  Peer Address:PortProcess
12:40:48.199157105 ESTAB 0      99992       10.0.0.1:44470     10.0.0.2:5001
12:40:48.199157105 	 reno wscale:9,9 rto:265 rtt:64.012/32.006 mss:1448 pmtu:1500 rcvmss:536 advmss:1448 cwnd:10 bytes_sent:13112 bytes_acked:1 segs_out:12 segs_in:1 data_segs_out:10 send 1809661bps lastsnd:24 lastrcv:25 lastack:25 delivered:1 app_limited busy:24ms unacked:10 rcv_space:14480 rcv_ssthresh:42242 notsent:86880 minrtt:64.012 snd_wnd:43440

12:40:48.201448486 State Recv-Q Send-Q Local Address:Port  Peer Address:PortProcess
12:40:48.201448486 ESTAB 0      99992       10.0.0.1:44470     10.0.0.2:5001
12:40:48.201448486 	 reno wscale:9,9 rto:265 rtt:64.012/32.006 mss:1448 pmtu:1500 rcvmss:536 advmss:1448 cwnd:10 bytes_sent:13112 bytes_acked:1 segs_out:12 segs_in:1 data_segs_out:10 send 1809661bps lastsnd:26 lastrcv:27 lastack:27 delivered:1 app_limited busy:26ms unacked:10 rcv_space:14480 rcv_ssthresh:42242 notsent:86880 minrtt:64.012 snd_wnd:43440

12:40:48.203586365 State Recv-Q Send-Q Local Address:Port  Peer Address:PortProcess
12:40:48.203586365 ESTAB 0      99992       10.0.0.1:44470     10.0.0.2:5001
12:40:48.203586365 	 reno wscale:9,9 rto:265 rtt:64.012/32.006 mss:1448 pmtu:1500 rcvmss:536 advmss:1448 cwnd:10 bytes_sent:13112 bytes_acked:1 segs_out:12 segs_in:1 data_segs_out:10 send 1809661bps lastsnd:29 lastrcv:30 lastack:30 delivered:1 app_limited busy:29ms unacked:10 rcv_space:14480 rcv_ssthresh:42242 notsent:86880 minrtt:64.012 snd_wnd:43440

12:40:48.206124725 State Recv-Q Send-Q Local Address:Port  Peer Address:PortProcess
12:40:48.206124725 ESTAB 28     121632      10.0.0.1:44470     10.0.0.2:5001
12:40:48.206124725 	 reno wscale:9,9 rto:244 rtt:43.901/21.251 ato:40 mss:1448 pmtu:1500 rcvmss:536 advmss:1448 cwnd:17 bytes_sent:16008 bytes_acked:8769 bytes_received:28 segs_out:15 segs_in:9 data_segs_out:12 data_segs_in:1 send 4485729bps lastsnd:1 lastrcv:1 pacing_rate 289600bps/800000000bps delivery_rate 2592160bps delivered:8 app_limited busy:31ms unacked:5 rcv_space:14480 rcv_ssthresh:42242 notsent:114392 minrtt:30.606 snd_wnd:51712

12:40:48.209035491 State Recv-Q Send-Q Local Address:Port  Peer Address:PortProcess
12:40:48.209035491 ESTAB 28     117288      10.0.0.1:44470     10.0.0.2:5001
12:40:48.209035491 	 reno wscale:9,9 rto:240 rtt:39.937/14.902 ato:40 mss:1448 pmtu:1500 rcvmss:536 advmss:1448 cwnd:20 bytes_sent:16008 bytes_acked:13113 bytes_received:28 segs_out:15 segs_in:12 data_segs_out:12 data_segs_in:1 send 5801137bps lastsnd:4 lastrcv:4 lastack:3 pacing_rate 324352bps/800000000bps delivery_rate 3618640bps delivered:11 app_limited busy:34ms unacked:2 rcv_space:14480 rcv_ssthresh:42242 notsent:114392 minrtt:30.606 snd_wnd:52736

12:40:48.211331752 State Recv-Q Send-Q Local Address:Port  Peer Address:PortProcess
12:40:48.211331752 ESTAB 28     117288      10.0.0.1:44470     10.0.0.2:5001
12:40:48.211331752 	 reno wscale:9,9 rto:240 rtt:39.937/14.902 ato:40 mss:1448 pmtu:1500 rcvmss:536 advmss:1448 cwnd:20 bytes_sent:16008 bytes_acked:13113 bytes_received:28 segs_out:15 segs_in:12 data_segs_out:12 data_segs_in:1 send 5801137bps lastsnd:6 lastrcv:6 lastack:5 pacing_rate 324352bps/800000000bps delivery_rate 3618640bps delivered:11 app_limited busy:36ms unacked:2 rcv_space:14480 rcv_ssthresh:42242 notsent:114392 minrtt:30.606 snd_wnd:52736

12:40:48.213606198 State Recv-Q Send-Q Local Address:Port  Peer Address:PortProcess
12:40:48.213606198 ESTAB 28     117288      10.0.0.1:44470     10.0.0.2:5001
12:40:48.213606198 	 reno wscale:9,9 rto:240 rtt:39.937/14.902 ato:40 mss:1448 pmtu:1500 rcvmss:536 advmss:1448 cwnd:20 bytes_sent:16008 bytes_acked:13113 bytes_received:28 segs_out:15 segs_in:12 data_segs_out:12 data_segs_in:1 send 5801137bps lastsnd:9 lastrcv:9 lastack:8 pacing_rate 324352bps/800000000bps delivery_rate 3618640bps delivered:11 app_limited busy:39ms unacked:2 rcv_space:14480 rcv_ssthresh:42242 notsent:114392 minrtt:30.606 snd_wnd:52736

12:40:48.216371055 State Recv-Q Send-Q Local Address:Port  Peer Address:PortProcess
12:40:48.216371055 ESTAB 28     117288      10.0.0.1:44470     10.0.0.2:5001
12:40:48.216371055 	 reno wscale:9,9 rto:240 rtt:39.937/14.902 ato:40 mss:1448 pmtu:1500 rcvmss:536 advmss:1448 cwnd:20 bytes_sent:16008 bytes_acked:13113 bytes_received:28 segs_out:15 segs_in:12 data_segs_out:12 data_segs_in:1 send 5801137bps lastsnd:11 lastrcv:11 lastack:10 pacing_rate 324352bps/800000000bps delivery_rate 3618640bps delivered:11 app_limited busy:41ms unacked:2 rcv_space:14480 rcv_ssthresh:42242 notsent:114392 minrtt:30.606 snd_wnd:52736

12:40:48.218847596 State Recv-Q Send-Q Local Address:Port  Peer Address:PortProcess
12:40:48.218847596 ESTAB 28     117288      10.0.0.1:44470     10.0.0.2:5001
12:40:48.218847596 	 reno wscale:9,9 rto:240 rtt:39.937/14.902 ato:40 mss:1448 pmtu:1500 rcvmss:536 advmss:1448 cwnd:20 bytes_sent:16008 bytes_acked:13113 bytes_received:28 segs_out:15 segs_in:12 data_segs_out:12 data_segs_in:1 send 5801137bps lastsnd:14 lastrcv:14 lastack:13 pacing_rate 324352bps/800000000bps delivery_rate 3618640bps delivered:11 app_limited busy:44ms unacked:2 rcv_space:14480 rcv_ssthresh:42242 notsent:114392 minrtt:30.606 snd_wnd:52736

12:40:48.221336067 State Recv-Q Send-Q Local Address:Port  Peer Address:PortProcess
12:40:48.221336067 ESTAB 28     117288      10.0.0.1:44470     10.0.0.2:5001
12:40:48.221336067 	 reno wscale:9,9 rto:240 rtt:39.937/14.902 ato:40 mss:1448 pmtu:1500 rcvmss:536 advmss:1448 cwnd:20 bytes_sent:16008 bytes_acked:13113 bytes_received:28 segs_out:15 segs_in:12 data_segs_out:12 data_segs_in:1 send 5801137bps lastsnd:16 lastrcv:16 lastack:15 pacing_rate 324352bps/800000000bps delivery_rate 3618640bps delivered:11 app_limited busy:46ms unacked:2 rcv_space:14480 rcv_ssthresh:42242 notsent:114392 minrtt:30.606 snd_wnd:52736

12:40:48.223796842 State Recv-Q Send-Q Local Address:Port  Peer Address:PortProcess
12:40:48.223796842 ESTAB 28     117288      10.0.0.1:44470     10.0.0.2:5001
12:40:48.223796842 	 reno wscale:9,9 rto:240 rtt:39.937/14.902 ato:40 mss:1448 pmtu:1500 rcvmss:536 advmss:1448 cwnd:20 bytes_sent:16008 bytes_acked:13113 bytes_received:28 segs_out:15 segs_in:12 data_segs_out:12 data_segs_in:1 send 5801137bps lastsnd:18 lastrcv:18 lastack:17 pacing_rate 324352bps/800000000bps delivery_rate 3618640bps delivered:11 app_limited busy:48ms unacked:2 rcv_space:14480 rcv_ssthresh:42242 notsent:114392 minrtt:30.606 snd_wnd:52736

12:40:48.225897431 State Recv-Q Send-Q Local Address:Port  Peer Address:PortProcess
12:40:48.225897431 ESTAB 28     117288      10.0.0.1:44470     10.0.0.2:5001
12:40:48.225897431 	 reno wscale:9,9 rto:240 rtt:39.937/14.902 ato:40 mss:1448 pmtu:1500 rcvmss:536 advmss:1448 cwnd:20 bytes_sent:16008 bytes_acked:13113 bytes_received:28 segs_out:15 segs_in:12 data_segs_out:12 data_segs_in:1 send 5801137bps lastsnd:21 lastrcv:21 lastack:20 pacing_rate 324352bps/800000000bps delivery_rate 3618640bps delivered:11 app_limited busy:51ms unacked:2 rcv_space:14480 rcv_ssthresh:42242 notsent:114392 minrtt:30.606 snd_wnd:52736

12:40:48.228370135 State Recv-Q Send-Q Local Address:Port  Peer Address:PortProcess
12:40:48.228370135 ESTAB 28     117288      10.0.0.1:44470     10.0.0.2:5001
12:40:48.228370135 	 reno wscale:9,9 rto:240 rtt:39.937/14.902 ato:40 mss:1448 pmtu:1500 rcvmss:536 advmss:1448 cwnd:20 bytes_sent:16008 bytes_acked:13113 bytes_received:28 segs_out:15 segs_in:12 data_segs_out:12 data_segs_in:1 send 5801137bps lastsnd:23 lastrcv:23 lastack:22 pacing_rate 324352bps/800000000bps delivery_rate 3618640bps delivered:11 app_limited busy:53ms unacked:2 rcv_space:14480 rcv_ssthresh:42242 notsent:114392 minrtt:30.606 snd_wnd:52736

12:40:48.230575213 State Recv-Q Send-Q Local Address:Port  Peer Address:PortProcess
12:40:48.230575213 ESTAB 28     117288      10.0.0.1:44470     10.0.0.2:5001
12:40:48.230575213 	 reno wscale:9,9 rto:240 rtt:39.937/14.902 ato:40 mss:1448 pmtu:1500 rcvmss:536 advmss:1448 cwnd:20 bytes_sent:16008 bytes_acked:13113 bytes_received:28 segs_out:15 segs_in:12 data_segs_out:12 data_segs_in:1 send 5801137bps lastsnd:25 lastrcv:25 lastack:24 pacing_rate 324352bps/800000000bps delivery_rate 3618640bps delivered:11 app_limited busy:55ms unacked:2 rcv_space:14480 rcv_ssthresh:42242 notsent:114392 minrtt:30.606 snd_wnd:52736

12:40:48.232531018 State Recv-Q Send-Q Local Address:Port  Peer Address:PortProcess
12:40:48.232531018 ESTAB 28     117288      10.0.0.1:44470     10.0.0.2:5001
12:40:48.232531018 	 reno wscale:9,9 rto:240 rtt:39.937/14.902 ato:40 mss:1448 pmtu:1500 rcvmss:536 advmss:1448 cwnd:20 bytes_sent:16008 bytes_acked:13113 bytes_received:28 segs_out:15 segs_in:12 data_segs_out:12 data_segs_in:1 send 5801137bps lastsnd:27 lastrcv:27 lastack:26 pacing_rate 324352bps/800000000bps delivery_rate 3618640bps delivered:11 app_limited busy:57ms unacked:2 rcv_space:14480 rcv_ssthresh:42242 notsent:114392 minrtt:30.606 snd_wnd:52736

12:40:48.234617049 State Recv-Q Send-Q Local Address:Port  Peer Address:PortProcess
12:40:48.234617049 ESTAB 28     117288      10.0.0.1:44470     10.0.0.2:5001
12:40:48.234617049 	 reno wscale:9,9 rto:240 rtt:39.937/14.902 ato:40 mss:1448 pmtu:1500 rcvmss:536 advmss:1448 cwnd:20 bytes_sent:16008 bytes_acked:13113 bytes_received:28 segs_out:15 segs_in:12 data_segs_out:12 data_segs_in:1 send 5801137bps lastsnd:30 lastrcv:30 lastack:29 pacing_rate 324352bps/800000000bps delivery_rate 3618640bps delivered:11 app_limited busy:60ms unacked:2 rcv_space:14480 rcv_ssthresh:42242 notsent:114392 minrtt:30.606 snd_wnd:52736

12:40:48.237083288 State Recv-Q Send-Q Local Address:Port  Peer Address:PortProcess
12:40:48.237083288 ESTAB 28     192584      10.0.0.1:44470     10.0.0.2:5001
12:40:48.237083288 	 reno wscale:9,9 rto:238 rtt:37.682/12.291 ato:40 mss:1448 pmtu:1500 rcvmss:536 advmss:1448 cwnd:22 bytes_sent:16008 bytes_acked:16009 bytes_received:28 segs_out:15 segs_in:14 data_segs_out:12 data_segs_in:1 send 6763123bps lastsnd:32 lastrcv:32 lastack:2 pacing_rate 335936bps/800000000bps delivery_rate 4162952bps delivered:13 app_limited busy:62ms rcv_space:14480 rcv_ssthresh:42242 notsent:192584 minrtt:30.31 snd_wnd:51712

12:40:48.239447624 State Recv-Q Send-Q Local Address:Port  Peer Address:PortProcess
12:40:48.239447624 ESTAB 28     192584      10.0.0.1:44470     10.0.0.2:5001
12:40:48.239447624 	 reno wscale:9,9 rto:238 rtt:37.682/12.291 ato:40 mss:1448 pmtu:1500 rcvmss:536 advmss:1448 cwnd:22 bytes_sent:16008 bytes_acked:16009 bytes_received:28 segs_out:15 segs_in:14 data_segs_out:12 data_segs_in:1 send 6763123bps lastsnd:34 lastrcv:34 lastack:4 pacing_rate 335936bps/800000000bps delivery_rate 4162952bps delivered:13 app_limited busy:64ms rcv_space:14480 rcv_ssthresh:42242 notsent:192584 minrtt:30.31 snd_wnd:51712

12:40:48.242047717 State Recv-Q Send-Q Local Address:Port  Peer Address:PortProcess
12:40:48.242047717 ESTAB 28     192584      10.0.0.1:44470     10.0.0.2:5001
