14:44:40.995493071 State Recv-Q Send-Q Local Address:Port Peer Address:PortProcess

14:44:41.008307691 State Recv-Q Send-Q Local Address:Port Peer Address:PortProcess

14:44:41.014676313 State Recv-Q Send-Q Local Address:Port Peer Address:PortProcess

14:44:41.021914144 State Recv-Q Send-Q Local Address:Port Peer Address:PortProcess

14:44:41.028676391 State Recv-Q Send-Q Local Address:Port Peer Address:PortProcess

14:44:41.034399014 State Recv-Q Send-Q Local Address:Port Peer Address:PortProcess

14:44:41.038201221 State Recv-Q Send-Q Local Address:Port Peer Address:PortProcess

14:44:41.042757886 State Recv-Q Send-Q Local Address:Port Peer Address:PortProcess

14:44:41.047413176 State Recv-Q Send-Q Local Address:Port Peer Address:PortProcess

14:44:41.051584841 State Recv-Q Send-Q Local Address:Port Peer Address:PortProcess

14:44:41.054655298 State Recv-Q Send-Q Local Address:Port Peer Address:PortProcess

14:44:41.057427463 State Recv-Q Send-Q Local Address:Port Peer Address:PortProcess

14:44:41.059697796 State Recv-Q Send-Q Local Address:Port Peer Address:PortProcess

14:44:41.062255420 State Recv-Q Send-Q Local Address:Port Peer Address:PortProcess

14:44:41.064360752 State Recv-Q Send-Q Local Address:Port Peer Address:PortProcess

14:44:41.066679043 State Recv-Q Send-Q Local Address:Port Peer Address:PortProcess

14:44:41.068940751 State Recv-Q Send-Q Local Address:Port Peer Address:PortProcess

14:44:41.071040125 State Recv-Q Send-Q Local Address:Port Peer Address:PortProcess

14:44:41.073470957 State Recv-Q Send-Q Local Address:Port Peer Address:PortProcess

14:44:41.075877790 State Recv-Q Send-Q Local Address:Port Peer Address:PortProcess

14:44:41.077902247 State Recv-Q Send-Q Local Address:Port Peer Address:PortProcess

14:44:41.080005205 State Recv-Q Send-Q Local Address:Port Peer Address:PortProcess

14:44:41.082416329 State Recv-Q Send-Q Local Address:Port Peer Address:PortProcess

14:44:41.084685786 State Recv-Q Send-Q Local Address:Port Peer Address:PortProcess

14:44:41.087335993 State Recv-Q Send-Q Local Address:Port Peer Address:PortProcess

14:44:41.089686493 State Recv-Q Send-Q Local Address:Port Peer Address:PortProcess

14:44:41.091772408 State Recv-Q Send-Q Local Address:Port Peer Address:PortProcess

14:44:41.094490407 State Recv-Q Send-Q Local Address:Port Peer Address:PortProcess

14:44:41.096891698 State Recv-Q Send-Q Local Address:Port Peer Address:PortProcess

14:44:41.099231489 State Recv-Q Send-Q Local Address:Port Peer Address:PortProcess

14:44:41.101704988 State Recv-Q Send-Q Local Address:Port Peer Address:PortProcess

14:44:41.103658237 State Recv-Q Send-Q Local Address:Port Peer Address:PortProcess

14:44:41.105698278 State Recv-Q Send-Q Local Address:Port Peer Address:PortProcess

14:44:41.107809527 State Recv-Q Send-Q Local Address:Port Peer Address:PortProcess

14:44:41.110145568 State Recv-Q Send-Q Local Address:Port Peer Address:PortProcess

14:44:41.112131401 State Recv-Q Send-Q Local Address:Port Peer Address:PortProcess

14:44:41.114160191 State Recv-Q Send-Q Local Address:Port Peer Address:PortProcess

14:44:41.116603607 State Recv-Q Send-Q Local Address:Port Peer Address:PortProcess

14:44:41.118898606 State Recv-Q Send-Q Local Address:Port Peer Address:PortProcess

14:44:41.121516147 State Recv-Q Send-Q Local Address:Port Peer Address:PortProcess

14:44:41.123428271 State Recv-Q Send-Q Local Address:Port Peer Address:PortProcess

14:44:41.125912812 State Recv-Q Send-Q Local Address:Port Peer Address:PortProcess

14:44:41.128468061 State Recv-Q Send-Q Local Address:Port Peer Address:PortProcess

14:44:41.130668477 State Recv-Q Send-Q Local Address:Port Peer Address:PortProcess

14:44:41.132907017 State Recv-Q Send-Q Local Address:Port Peer Address:PortProcess

14:44:41.134943725 State Recv-Q Send-Q Local Address:Port Peer Address:PortProcess

14:44:41.137282974 State Recv-Q Send-Q Local Address:Port Peer Address:PortProcess

14:44:41.139692223 State Recv-Q Send-Q Local Address:Port Peer Address:PortProcess

14:44:41.142417055 State Recv-Q Send-Q Local Address:Port Peer Address:PortProcess

14:44:41.144837680 State Recv-Q Send-Q Local Address:Port Peer Address:PortProcess

14:44:41.147135470 State Recv-Q Send-Q Local Address:Port Peer Address:PortProcess

14:44:41.149414719 State Recv-Q Send-Q Local Address:Port Peer Address:PortProcess

14:44:41.151829927 State Recv-Q Send-Q Local Address:Port Peer Address:PortProcess

14:44:41.154373218 State Recv-Q Send-Q Local Address:Port Peer Address:PortProcess

14:44:41.156547300 State Recv-Q Send-Q Local Address:Port Peer Address:PortProcess

14:44:41.158505174 State Recv-Q Send-Q Local Address:Port Peer Address:PortProcess

14:44:41.160699632 State Recv-Q Send-Q Local Address:Port Peer Address:PortProcess

14:44:41.162882464 State Recv-Q Send-Q Local Address:Port Peer Address:PortProcess

14:44:41.164697880 State Recv-Q Send-Q Local Address:Port Peer Address:PortProcess

14:44:41.167036463 State Recv-Q Send-Q Local Address:Port Peer Address:PortProcess

14:44:41.169236837 State Recv-Q Send-Q Local Address:Port Peer Address:PortProcess

14:44:41.171528836 State Recv-Q Send-Q Local Address:Port Peer Address:PortProcess

14:44:41.173801668 State Recv-Q Send-Q Local Address:Port Peer Address:PortProcess

14:44:41.176290334 State Recv-Q Send-Q Local Address:Port Peer Address:PortProcess

14:44:41.178507250 State Recv-Q Send-Q Local Address:Port Peer Address:PortProcess

14:44:41.180850666 State Recv-Q Send-Q Local Address:Port Peer Address:PortProcess

14:44:41.183202040 State Recv-Q Send-Q Local Address:Port Peer Address:PortProcess

14:44:41.185338789 State Recv-Q Send-Q Local Address:Port Peer Address:PortProcess

14:44:41.187251580 State Recv-Q Send-Q Local Address:Port Peer Address:PortProcess

14:44:41.189428162 State Recv-Q Send-Q Local Address:Port Peer Address:PortProcess

14:44:41.191655828 State Recv-Q Send-Q Local Address:Port Peer Address:PortProcess

14:44:41.194093119 State Recv-Q Send-Q Local Address:Port Peer Address:PortProcess

14:44:41.196558409 State Recv-Q Send-Q Local Address:Port Peer Address:PortProcess

14:44:41.198737534 State Recv-Q Send-Q Local Address:Port Peer Address:PortProcess

14:44:41.201073283 State Recv-Q Send-Q Local Address:Port Peer Address:PortProcess

14:44:41.203244324 State Recv-Q Send-Q Local Address:Port Peer Address:PortProcess

14:44:41.205643239 State Recv-Q Send-Q Local Address:Port Peer Address:PortProcess

14:44:41.207939655 State Recv-Q Send-Q Local Address:Port Peer Address:PortProcess

14:44:41.210339571 State Recv-Q Send-Q Local Address:Port Peer Address:PortProcess

14:44:41.212362445 State Recv-Q Send-Q Local Address:Port Peer Address:PortProcess

14:44:41.214459153 State Recv-Q Send-Q Local Address:Port Peer Address:PortProcess

14:44:41.216824152 State Recv-Q Send-Q Local Address:Port Peer Address:PortProcess

14:44:41.219322817 State Recv-Q Send-Q Local Address:Port Peer Address:PortProcess

14:44:41.221661775 State Recv-Q Send-Q Local Address:Port Peer Address:PortProcess

14:44:41.223771566 State Recv-Q Send-Q Local Address:Port Peer Address:PortProcess

14:44:41.226248815 State Recv-Q Send-Q Local Address:Port Peer Address:PortProcess

14:44:41.228556397 State Recv-Q Send-Q Local Address:Port Peer Address:PortProcess

14:44:41.230517146 State Recv-Q Send-Q Local Address:Port Peer Address:PortProcess

14:44:41.232657270 State Recv-Q Send-Q Local Address:Port Peer Address:PortProcess

14:44:41.234685228 State Recv-Q Send-Q Local Address:Port Peer Address:PortProcess

14:44:41.236847352 State Recv-Q Send-Q Local Address:Port Peer Address:PortProcess

14:44:41.239308935 State Recv-Q Send-Q Local Address:Port Peer Address:PortProcess

14:44:41.242096642 State Recv-Q Send-Q Local Address:Port Peer Address:PortProcess

14:44:41.244304474 State Recv-Q Send-Q Local Address:Port Peer Address:PortProcess

14:44:41.246705223 State Recv-Q Send-Q Local Address:Port Peer Address:PortProcess

14:44:41.249487222 State Recv-Q Send-Q Local Address:Port Peer Address:PortProcess

14:44:41.251676013 State Recv-Q Send-Q Local Address:Port Peer Address:PortProcess

14:44:41.253828596 State Recv-Q Send-Q Local Address:Port Peer Address:PortProcess

14:44:41.255925761 State Recv-Q Send-Q Local Address:Port Peer Address:PortProcess

14:44:41.257855177 State Recv-Q Send-Q Local Address:Port Peer Address:PortProcess

14:44:41.260304801 State Recv-Q Send-Q Local Address:Port Peer Address:PortProcess

14:44:41.262437342 State Recv-Q Send-Q Local Address:Port Peer Address:PortProcess

14:44:41.264685300 State Recv-Q Send-Q Local Address:Port Peer Address:PortProcess

14:44:41.266739174 State Recv-Q Send-Q Local Address:Port Peer Address:PortProcess

14:44:41.268936965 State Recv-Q Send-Q Local Address:Port Peer Address:PortProcess

14:44:41.271483547 State Recv-Q Send-Q Local Address:Port Peer Address:PortProcess

14:44:41.273783921 State Recv-Q Send-Q Local Address:Port Peer Address:PortProcess

14:44:41.276195129 State Recv-Q Send-Q Local Address:Port Peer Address:PortProcess

14:44:41.278261419 State Recv-Q Send-Q Local Address:Port Peer Address:PortProcess

14:44:41.280079669 State Recv-Q Send-Q Local Address:Port Peer Address:PortProcess

14:44:41.282577168 State Recv-Q Send-Q Local Address:Port Peer Address:PortProcess

14:44:41.284660459 State Recv-Q Send-Q Local Address:Port Peer Address:PortProcess

14:44:41.286746083 State Recv-Q Send-Q Local Address:Port Peer Address:PortProcess

14:44:41.289136249 State Recv-Q Send-Q Local Address:Port Peer Address:PortProcess

14:44:41.290905456 State Recv-Q Send-Q Local Address:Port Peer Address:PortProcess

14:44:41.293448497 State Recv-Q Send-Q Local Address:Port Peer Address:PortProcess

14:44:41.295480413 State Recv-Q Send-Q Local Address:Port Peer Address:PortProcess

14:44:41.297724120 State Recv-Q Send-Q Local Address:Port Peer Address:PortProcess

14:44:41.299510578 State Recv-Q Send-Q Local Address:Port Peer Address:PortProcess

14:44:41.302102119 State Recv-Q Send-Q Local Address:Port Peer Address:PortProcess

14:44:41.304523993 State Recv-Q Send-Q Local Address:Port Peer Address:PortProcess

14:44:41.306755658 State Recv-Q Send-Q Local Address:Port Peer Address:PortProcess

14:44:41.309332199 State Recv-Q Send-Q Local Address:Port Peer Address:PortProcess

14:44:41.311337198 State Recv-Q Send-Q Local Address:Port Peer Address:PortProcess

14:44:41.313245406 State Recv-Q Send-Q Local Address:Port Peer Address:PortProcess

14:44:41.315502530 State Recv-Q Send-Q Local Address:Port Peer Address:PortProcess

14:44:41.317832779 State Recv-Q Send-Q Local Address:Port Peer Address:PortProcess

14:44:41.320416903 State Recv-Q Send-Q Local Address:Port Peer Address:PortProcess

14:44:41.322721152 State Recv-Q Send-Q Local Address:Port Peer Address:PortProcess

14:44:41.324889943 State Recv-Q Send-Q Local Address:Port Peer Address:PortProcess

14:44:41.327302775 State Recv-Q Send-Q Local Address:Port Peer Address:PortProcess

14:44:41.329419900 State Recv-Q Send-Q Local Address:Port Peer Address:PortProcess

14:44:41.331549690 State Recv-Q Send-Q Local Address:Port Peer Address:PortProcess

14:44:41.333674065 State Recv-Q Send-Q Local Address:Port Peer Address:PortProcess

14:44:41.335915814 State Recv-Q Send-Q Local Address:Port Peer Address:PortProcess

14:44:41.338217438 State Recv-Q Send-Q Local Address:Port Peer Address:PortProcess

14:44:41.340502104 State Recv-Q Send-Q Local Address:Port Peer Address:PortProcess

14:44:41.342819561 State Recv-Q Send-Q Local Address:Port Peer Address:PortProcess

14:44:41.345080769 State Recv-Q Send-Q Local Address:Port Peer Address:PortProcess

14:44:41.347292018 State Recv-Q Send-Q Local Address:Port Peer Address:PortProcess

14:44:41.349874600 State Recv-Q Send-Q Local Address:Port Peer Address:PortProcess

14:44:41.352296724 State Recv-Q Send-Q Local Address:Port Peer Address:PortProcess

14:44:41.354274848 State Recv-Q Send-Q Local Address:Port Peer Address:PortProcess

14:44:41.356586306 State Recv-Q Send-Q Local Address:Port Peer Address:PortProcess

14:44:41.358727805 State Recv-Q Send-Q Local Address:Port Peer Address:PortProcess

14:44:41.360905512 State Recv-Q Send-Q Local Address:Port Peer Address:PortProcess

14:44:41.363489303 State Recv-Q Send-Q Local Address:Port Peer Address:PortProcess

14:44:41.365529344 State Recv-Q Send-Q Local Address:Port Peer Address:PortProcess

14:44:41.367900718 State Recv-Q Send-Q Local Address:Port Peer Address:PortProcess

14:44:41.370021967 State Recv-Q Send-Q Local Address:Port Peer Address:PortProcess

14:44:41.372106925 State Recv-Q Send-Q Local Address:Port Peer Address:PortProcess

14:44:41.374201299 State Recv-Q Send-Q Local Address:Port Peer Address:PortProcess

14:44:41.376478548 State Recv-Q Send-Q Local Address:Port Peer Address:PortProcess

14:44:41.378561881 State Recv-Q Send-Q Local Address:Port Peer Address:PortProcess

14:44:41.380663046 State Recv-Q Send-Q Local Address:Port Peer Address:PortProcess

14:44:41.382890462 State Recv-Q Send-Q Local Address:Port Peer Address:PortProcess

14:44:41.384947253 State Recv-Q Send-Q Local Address:Port Peer Address:PortProcess

14:44:41.387275211 State Recv-Q Send-Q Local Address:Port Peer Address:PortProcess

14:44:41.389453085 State Recv-Q Send-Q Local Address:Port Peer Address:PortProcess

14:44:41.391769125 State Recv-Q Send-Q Local Address:Port Peer Address:PortProcess

14:44:41.394278416 State Recv-Q Send-Q Local Address:Port Peer Address:PortProcess

14:44:41.396701790 State Recv-Q Send-Q Local Address:Port Peer Address:PortProcess

14:44:41.398726914 State Recv-Q Send-Q Local Address:Port Peer Address:PortProcess

14:44:41.400920455 State Recv-Q Send-Q Local Address:Port Peer Address:PortProcess

14:44:41.403591746 State Recv-Q Send-Q Local Address:Port Peer Address:PortProcess

14:44:41.406046578 State Recv-Q Send-Q Local Address:Port Peer Address:PortProcess

14:44:41.408068244 State Recv-Q Send-Q Local Address:Port Peer Address:PortProcess

14:44:41.410406118 State Recv-Q Send-Q Local Address:Port Peer Address:PortProcess

14:44:41.412537701 State Recv-Q Send-Q Local Address:Port Peer Address:PortProcess

14:44:41.414503742 State Recv-Q Send-Q Local Address:Port Peer Address:PortProcess

14:44:41.416919199 State Recv-Q Send-Q Local Address:Port Peer Address:PortProcess

14:44:41.419332281 State Recv-Q Send-Q Local Address:Port Peer Address:PortProcess

14:44:41.421322072 State Recv-Q Send-Q Local Address:Port Peer Address:PortProcess

14:44:41.423856571 State Recv-Q Send-Q Local Address:Port Peer Address:PortProcess

14:44:41.426418737 State Recv-Q Send-Q Local Address:Port Peer Address:PortProcess

14:44:41.428702153 State Recv-Q Send-Q Local Address:Port Peer Address:PortProcess

14:44:41.431244944 State Recv-Q Send-Q Local Address:Port Peer Address:PortProcess

14:44:41.433106109 State Recv-Q Send-Q Local Address:Port Peer Address:PortProcess

14:44:41.435275984 State Recv-Q Send-Q Local Address:Port Peer Address:PortProcess

14:44:41.437450358 State Recv-Q Send-Q Local Address:Port Peer Address:PortProcess

14:44:41.439780440 State Recv-Q Send-Q Local Address:Port Peer Address:PortProcess

14:44:41.442269189 State Recv-Q Send-Q Local Address:Port Peer Address:PortProcess

14:44:41.444394105 State Recv-Q Send-Q Local Address:Port Peer Address:PortProcess

14:44:41.446475229 State Recv-Q Send-Q Local Address:Port Peer Address:PortProcess

14:44:41.448586145 State Recv-Q Send-Q Local Address:Port Peer Address:PortProcess

14:44:41.451250644 State Recv-Q Send-Q Local Address:Port Peer Address:PortProcess

14:44:41.453651018 State Recv-Q Send-Q Local Address:Port Peer Address:PortProcess

14:44:41.456315642 State Recv-Q Send-Q Local Address:Port Peer Address:PortProcess

14:44:41.458542933 State Recv-Q Send-Q Local Address:Port Peer Address:PortProcess

14:44:41.460850932 State Recv-Q Send-Q Local Address:Port Peer Address:PortProcess

14:44:41.463342139 State Recv-Q Send-Q Local Address:Port Peer Address:PortProcess

14:44:41.465815680 State Recv-Q Send-Q Local Address:Port Peer Address:PortProcess

14:44:41.468184179 State Recv-Q Send-Q Local Address:Port Peer Address:PortProcess

14:44:41.470203345 State Recv-Q Send-Q Local Address:Port Peer Address:PortProcess

14:44:41.472226553 State Recv-Q Send-Q Local Address:Port Peer Address:PortProcess

14:44:41.474331427 State Recv-Q Send-Q Local Address:Port Peer Address:PortProcess

14:44:41.476909842 State Recv-Q Send-Q Local Address:Port Peer Address:PortProcess

14:44:41.479537550 State Recv-Q Send-Q Local Address:Port Peer Address:PortProcess

14:44:41.481768716 State Recv-Q Send-Q Local Address:Port Peer Address:PortProcess

14:44:41.483949423 State Recv-Q Send-Q Local Address:Port Peer Address:PortProcess

14:44:41.486655547 State Recv-Q Send-Q Local Address:Port Peer Address:PortProcess

14:44:41.488854338 State Recv-Q Send-Q Local Address:Port Peer Address:PortProcess

14:44:41.491346170 State Recv-Q Send-Q Local Address:Port Peer Address:PortProcess

14:44:41.493566336 State Recv-Q Send-Q Local Address:Port Peer Address:PortProcess

14:44:41.495929377 State    Recv-Q Send-Q Local Address:Port  Peer Address:PortProcess
14:44:41.495929377 SYN-SENT 0      1           10.0.0.1:41844     10.0.0.2:5001
14:44:41.495929377 	 reno rto:1000 mss:524 pmtu:1500 rcvmss:88 advmss:1460 cwnd:10 segs_out:1 lastsnd:1359635 lastrcv:1359635 lastack:1359635 pacing_rate 400000000bps/400000000bps app_limited unacked:1 rcv_ssthresh:42340

14:44:41.498541667 State    Recv-Q Send-Q Local Address:Port  Peer Address:PortProcess
14:44:41.498541667 SYN-SENT 0      1           10.0.0.1:41844     10.0.0.2:5001
14:44:41.498541667 	 reno rto:1000 mss:524 pmtu:1500 rcvmss:88 advmss:1460 cwnd:10 segs_out:1 lastsnd:1359638 lastrcv:1359638 lastack:1359638 pacing_rate 400000000bps/400000000bps app_limited unacked:1 rcv_ssthresh:42340

14:44:41.501153541 State    Recv-Q Send-Q Local Address:Port  Peer Address:PortProcess
14:44:41.501153541 SYN-SENT 0      1           10.0.0.1:41844     10.0.0.2:5001
14:44:41.501153541 	 reno rto:1000 mss:524 pmtu:1500 rcvmss:88 advmss:1460 cwnd:10 segs_out:1 lastsnd:1359640 lastrcv:1359640 lastack:1359640 pacing_rate 400000000bps/400000000bps app_limited unacked:1 rcv_ssthresh:42340

14:44:41.503447999 State    Recv-Q Send-Q Local Address:Port  Peer Address:PortProcess
14:44:41.503447999 SYN-SENT 0      1           10.0.0.1:41844     10.0.0.2:5001
14:44:41.503447999 	 reno rto:1000 mss:524 pmtu:1500 rcvmss:88 advmss:1460 cwnd:10 segs_out:1 lastsnd:1359643 lastrcv:1359643 lastack:1359643 pacing_rate 400000000bps/400000000bps app_limited unacked:1 rcv_ssthresh:42340

14:44:41.506166206 State    Recv-Q Send-Q Local Address:Port  Peer Address:PortProcess
14:44:41.506166206 SYN-SENT 0      1           10.0.0.1:41844     10.0.0.2:5001
14:44:41.506166206 	 reno rto:1000 mss:524 pmtu:1500 rcvmss:88 advmss:1460 cwnd:10 segs_out:1 lastsnd:1359646 lastrcv:1359646 lastack:1359646 pacing_rate 400000000bps/400000000bps app_limited unacked:1 rcv_ssthresh:42340

14:44:41.508487747 State    Recv-Q Send-Q Local Address:Port  Peer Address:PortProcess
14:44:41.508487747 SYN-SENT 0      1           10.0.0.1:41844     10.0.0.2:5001
14:44:41.508487747 	 reno rto:1000 mss:524 pmtu:1500 rcvmss:88 advmss:1460 cwnd:10 segs_out:1 lastsnd:1359648 lastrcv:1359648 lastack:1359648 pacing_rate 400000000bps/400000000bps app_limited unacked:1 rcv_ssthresh:42340

14:44:41.510642704 State    Recv-Q Send-Q Local Address:Port  Peer Address:PortProcess
14:44:41.510642704 SYN-SENT 0      1           10.0.0.1:41844     10.0.0.2:5001
14:44:41.510642704 	 reno rto:1000 mss:524 pmtu:1500 rcvmss:88 advmss:1460 cwnd:10 segs_out:1 lastsnd:1359650 lastrcv:1359650 lastack:1359650 pacing_rate 400000000bps/400000000bps app_limited unacked:1 rcv_ssthresh:42340

14:44:41.513247078 State    Recv-Q Send-Q Local Address:Port  Peer Address:PortProcess
14:44:41.513247078 SYN-SENT 0      1           10.0.0.1:41844     10.0.0.2:5001
14:44:41.513247078 	 reno rto:1000 mss:524 pmtu:1500 rcvmss:88 advmss:1460 cwnd:10 segs_out:1 lastsnd:1359653 lastrcv:1359653 lastack:1359653 pacing_rate 400000000bps/400000000bps app_limited unacked:1 rcv_ssthresh:42340

14:44:41.515389494 State    Recv-Q Send-Q Local Address:Port  Peer Address:PortProcess
14:44:41.515389494 SYN-SENT 0      1           10.0.0.1:41844     10.0.0.2:5001
14:44:41.515389494 	 reno rto:1000 mss:524 pmtu:1500 rcvmss:88 advmss:1460 cwnd:10 segs_out:1 lastsnd:1359655 lastrcv:1359655 lastack:1359655 pacing_rate 400000000bps/400000000bps app_limited unacked:1 rcv_ssthresh:42340

14:44:41.518289826 State    Recv-Q Send-Q Local Address:Port  Peer Address:PortProcess
14:44:41.518289826 SYN-SENT 0      1           10.0.0.1:41844     10.0.0.2:5001
14:44:41.518289826 	 reno rto:1000 mss:524 pmtu:1500 rcvmss:88 advmss:1460 cwnd:10 segs_out:1 lastsnd:1359658 lastrcv:1359658 lastack:1359658 pacing_rate 400000000bps/400000000bps app_limited unacked:1 rcv_ssthresh:42340

14:44:41.520825700 State    Recv-Q Send-Q Local Address:Port  Peer Address:PortProcess
14:44:41.520825700 SYN-SENT 0      1           10.0.0.1:41844     10.0.0.2:5001
14:44:41.520825700 	 reno rto:1000 mss:524 pmtu:1500 rcvmss:88 advmss:1460 cwnd:10 segs_out:1 lastsnd:1359660 lastrcv:1359660 lastack:1359660 pacing_rate 400000000bps/400000000bps app_limited unacked:1 rcv_ssthresh:42340

14:44:41.522819116 State    Recv-Q Send-Q Local Address:Port  Peer Address:PortProcess
14:44:41.522819116 SYN-SENT 0      1           10.0.0.1:41844     10.0.0.2:5001
14:44:41.522819116 	 reno rto:1000 mss:524 pmtu:1500 rcvmss:88 advmss:1460 cwnd:10 segs_out:1 lastsnd:1359662 lastrcv:1359662 lastack:1359662 pacing_rate 400000000bps/400000000bps app_limited unacked:1 rcv_ssthresh:42340

14:44:41.525145115 State    Recv-Q Send-Q Local Address:Port  Peer Address:PortProcess
14:44:41.525145115 SYN-SENT 0      1           10.0.0.1:41844     10.0.0.2:5001
14:44:41.525145115 	 reno rto:1000 mss:524 pmtu:1500 rcvmss:88 advmss:1460 cwnd:10 segs_out:1 lastsnd:1359665 lastrcv:1359665 lastack:1359665 pacing_rate 400000000bps/400000000bps app_limited unacked:1 rcv_ssthresh:42340

14:44:41.527193781 State    Recv-Q Send-Q Local Address:Port  Peer Address:PortProcess
14:44:41.527193781 SYN-SENT 0      1           10.0.0.1:41844     10.0.0.2:5001
14:44:41.527193781 	 reno rto:1000 mss:524 pmtu:1500 rcvmss:88 advmss:1460 cwnd:10 segs_out:1 lastsnd:1359666 lastrcv:1359666 lastack:1359666 pacing_rate 400000000bps/400000000bps app_limited unacked:1 rcv_ssthresh:42340

14:44:41.529687864 State    Recv-Q Send-Q Local Address:Port  Peer Address:PortProcess
14:44:41.529687864 SYN-SENT 0      1           10.0.0.1:41844     10.0.0.2:5001
14:44:41.529687864 	 reno rto:1000 mss:524 pmtu:1500 rcvmss:88 advmss:1460 cwnd:10 segs_out:1 lastsnd:1359669 lastrcv:1359669 lastack:1359669 pacing_rate 400000000bps/400000000bps app_limited unacked:1 rcv_ssthresh:42340

14:44:41.531896321 State    Recv-Q Send-Q Local Address:Port  Peer Address:PortProcess
14:44:41.531896321 SYN-SENT 0      1           10.0.0.1:41844     10.0.0.2:5001
14:44:41.531896321 	 reno rto:1000 mss:524 pmtu:1500 rcvmss:88 advmss:1460 cwnd:10 segs_out:1 lastsnd:1359672 lastrcv:1359672 lastack:1359672 pacing_rate 400000000bps/400000000bps app_limited unacked:1 rcv_ssthresh:42340

14:44:41.534382487 State    Recv-Q Send-Q Local Address:Port  Peer Address:PortProcess
14:44:41.534382487 SYN-SENT 0      1           10.0.0.1:41844     10.0.0.2:5001
14:44:41.534382487 	 reno rto:1000 mss:524 pmtu:1500 rcvmss:88 advmss:1460 cwnd:10 segs_out:1 lastsnd:1359674 lastrcv:1359674 lastack:1359674 pacing_rate 400000000bps/400000000bps app_limited unacked:1 rcv_ssthresh:42340

14:44:41.536887444 State    Recv-Q Send-Q Local Address:Port  Peer Address:PortProcess
14:44:41.536887444 SYN-SENT 0      1           10.0.0.1:41844     10.0.0.2:5001
14:44:41.536887444 	 reno rto:1000 mss:524 pmtu:1500 rcvmss:88 advmss:1460 cwnd:10 segs_out:1 lastsnd:1359676 lastrcv:1359676 lastack:1359676 pacing_rate 400000000bps/400000000bps app_limited unacked:1 rcv_ssthresh:42340

14:44:41.539029818 State    Recv-Q Send-Q Local Address:Port  Peer Address:PortProcess
14:44:41.539029818 SYN-SENT 0      1           10.0.0.1:41844     10.0.0.2:5001
14:44:41.539029818 	 reno rto:1000 mss:524 pmtu:1500 rcvmss:88 advmss:1460 cwnd:10 segs_out:1 lastsnd:1359678 lastrcv:1359678 lastack:1359678 pacing_rate 400000000bps/400000000bps app_limited unacked:1 rcv_ssthresh:42340

14:44:41.541354026 State    Recv-Q Send-Q Local Address:Port  Peer Address:PortProcess
14:44:41.541354026 SYN-SENT 0      1           10.0.0.1:41844     10.0.0.2:5001
14:44:41.541354026 	 reno rto:1000 mss:524 pmtu:1500 rcvmss:88 advmss:1460 cwnd:10 segs_out:1 lastsnd:1359681 lastrcv:1359681 lastack:1359681 pacing_rate 400000000bps/400000000bps app_limited unacked:1 rcv_ssthresh:42340

14:44:41.543790775 State    Recv-Q Send-Q Local Address:Port  Peer Address:PortProcess
14:44:41.543790775 SYN-SENT 0      1           10.0.0.1:41844     10.0.0.2:5001
14:44:41.543790775 	 reno rto:1000 mss:524 pmtu:1500 rcvmss:88 advmss:1460 cwnd:10 segs_out:1 lastsnd:1359683 lastrcv:1359683 lastack:1359683 pacing_rate 400000000bps/400000000bps app_limited unacked:1 rcv_ssthresh:42340

14:44:41.546102441 State    Recv-Q Send-Q Local Address:Port  Peer Address:PortProcess
14:44:41.546102441 SYN-SENT 0      1           10.0.0.1:41844     10.0.0.2:5001
14:44:41.546102441 	 reno rto:1000 mss:524 pmtu:1500 rcvmss:88 advmss:1460 cwnd:10 segs_out:1 lastsnd:1359685 lastrcv:1359685 lastack:1359685 pacing_rate 400000000bps/400000000bps app_limited unacked:1 rcv_ssthresh:42340

14:44:41.548305648 State    Recv-Q Send-Q Local Address:Port  Peer Address:PortProcess
14:44:41.548305648 SYN-SENT 0      1           10.0.0.1:41844     10.0.0.2:5001
14:44:41.548305648 	 reno rto:1000 mss:524 pmtu:1500 rcvmss:88 advmss:1460 cwnd:10 segs_out:1 lastsnd:1359688 lastrcv:1359688 lastack:1359688 pacing_rate 400000000bps/400000000bps app_limited unacked:1 rcv_ssthresh:42340

14:44:41.550716522 State    Recv-Q Send-Q Local Address:Port  Peer Address:PortProcess
14:44:41.550716522 SYN-SENT 0      1           10.0.0.1:41844     10.0.0.2:5001
14:44:41.550716522 	 reno rto:1000 mss:524 pmtu:1500 rcvmss:88 advmss:1460 cwnd:10 segs_out:1 lastsnd:1359690 lastrcv:1359690 lastack:1359690 pacing_rate 400000000bps/400000000bps app_limited unacked:1 rcv_ssthresh:42340

14:44:41.552706980 State    Recv-Q Send-Q Local Address:Port  Peer Address:PortProcess
14:44:41.552706980 SYN-SENT 0      1           10.0.0.1:41844     10.0.0.2:5001
14:44:41.552706980 	 reno rto:1000 mss:524 pmtu:1500 rcvmss:88 advmss:1460 cwnd:10 segs_out:1 lastsnd:1359692 lastrcv:1359692 lastack:1359692 pacing_rate 400000000bps/400000000bps app_limited unacked:1 rcv_ssthresh:42340

14:44:41.554898312 State    Recv-Q Send-Q Local Address:Port  Peer Address:PortProcess
14:44:41.554898312 SYN-SENT 0      1           10.0.0.1:41844     10.0.0.2:5001
14:44:41.554898312 	 reno rto:1000 mss:524 pmtu:1500 rcvmss:88 advmss:1460 cwnd:10 segs_out:1 lastsnd:1359695 lastrcv:1359695 lastack:1359695 pacing_rate 400000000bps/400000000bps app_limited unacked:1 rcv_ssthresh:42340

14:44:41.557541686 State    Recv-Q Send-Q Local Address:Port  Peer Address:PortProcess
14:44:41.557541686 SYN-SENT 0      1           10.0.0.1:41844     10.0.0.2:5001
14:44:41.557541686 	 reno rto:1000 mss:524 pmtu:1500 rcvmss:88 advmss:1460 cwnd:10 segs_out:1 lastsnd:1359697 lastrcv:1359697 lastack:1359697 pacing_rate 400000000bps/400000000bps app_limited unacked:1 rcv_ssthresh:42340

14:44:41.560247435 State Recv-Q Send-Q Local Address:Port  Peer Address:PortProcess
14:44:41.560247435 ESTAB 0      99992       10.0.0.1:41844     10.0.0.2:5001
14:44:41.560247435 	 reno wscale:9,9 rto:265 rtt:64.563/32.281 mss:1448 pmtu:1500 rcvmss:536 advmss:1448 cwnd:10 bytes_sent:13112 bytes_acked:1 segs_out:12 segs_in:1 data_segs_out:10 send 1794217bps lastsnd:1 lastrcv:1 lastack:1 pacing_rate 1297408bps/400000000bps delivered:1 app_limited busy:1ms unacked:10 rcv_space:14480 rcv_ssthresh:42242 notsent:86880 minrtt:64.563 snd_wnd:43440

14:44:41.562555101 State Recv-Q Send-Q Local Address:Port  Peer Address:PortProcess
14:44:41.562555101 ESTAB 0      99992       10.0.0.1:41844     10.0.0.2:5001
14:44:41.562555101 	 reno wscale:9,9 rto:265 rtt:64.563/32.281 mss:1448 pmtu:1500 rcvmss:536 advmss:1448 cwnd:10 bytes_sent:13112 bytes_acked:1 segs_out:12 segs_in:1 data_segs_out:10 send 1794217bps lastsnd:4 lastrcv:4 lastack:4 pacing_rate 1297408bps/400000000bps delivered:1 app_limited busy:4ms unacked:10 rcv_space:14480 rcv_ssthresh:42242 notsent:86880 minrtt:64.563 snd_wnd:43440

14:44:41.564869517 State Recv-Q Send-Q Local Address:Port  Peer Address:PortProcess
14:44:41.564869517 ESTAB 0      99992       10.0.0.1:41844     10.0.0.2:5001
14:44:41.564869517 	 reno wscale:9,9 rto:265 rtt:64.563/32.281 mss:1448 pmtu:1500 rcvmss:536 advmss:1448 cwnd:10 bytes_sent:13112 bytes_acked:1 segs_out:12 segs_in:1 data_segs_out:10 send 1794217bps lastsnd:6 lastrcv:6 lastack:6 pacing_rate 1297408bps/400000000bps delivered:1 app_limited busy:6ms unacked:10 rcv_space:14480 rcv_ssthresh:42242 notsent:86880 minrtt:64.563 snd_wnd:43440

14:44:41.566755808 State Recv-Q Send-Q Local Address:Port  Peer Address:PortProcess
14:44:41.566755808 ESTAB 0      99992       10.0.0.1:41844     10.0.0.2:5001
14:44:41.566755808 	 reno wscale:9,9 rto:265 rtt:64.563/32.281 mss:1448 pmtu:1500 rcvmss:536 advmss:1448 cwnd:10 bytes_sent:13112 bytes_acked:1 segs_out:12 segs_in:1 data_segs_out:10 send 1794217bps lastsnd:8 lastrcv:8 lastack:8 pacing_rate 1297408bps/400000000bps delivered:1 app_limited busy:8ms unacked:10 rcv_space:14480 rcv_ssthresh:42242 notsent:86880 minrtt:64.563 snd_wnd:43440

14:44:41.569103890 State Recv-Q Send-Q Local Address:Port  Peer Address:PortProcess
14:44:41.569103890 ESTAB 0      99992       10.0.0.1:41844     10.0.0.2:5001
14:44:41.569103890 	 reno wscale:9,9 rto:265 rtt:64.563/32.281 mss:1448 pmtu:1500 rcvmss:536 advmss:1448 cwnd:10 bytes_sent:13112 bytes_acked:1 segs_out:12 segs_in:1 data_segs_out:10 send 1794217bps lastsnd:10 lastrcv:10 lastack:10 pacing_rate 1297408bps/400000000bps delivered:1 app_limited busy:10ms unacked:10 rcv_space:14480 rcv_ssthresh:42242 notsent:86880 minrtt:64.563 snd_wnd:43440

14:44:41.571373514 State Recv-Q Send-Q Local Address:Port  Peer Address:PortProcess
14:44:41.571373514 ESTAB 0      99992       10.0.0.1:41844     10.0.0.2:5001
14:44:41.571373514 	 reno wscale:9,9 rto:265 rtt:64.563/32.281 mss:1448 pmtu:1500 rcvmss:536 advmss:1448 cwnd:10 bytes_sent:13112 bytes_acked:1 segs_out:12 segs_in:1 data_segs_out:10 send 1794217bps lastsnd:13 lastrcv:13 lastack:13 pacing_rate 1297408bps/400000000bps delivered:1 app_limited busy:13ms unacked:10 rcv_space:14480 rcv_ssthresh:42242 notsent:86880 minrtt:64.563 snd_wnd:43440

14:44:41.573706430 State Recv-Q Send-Q Local Address:Port  Peer Address:PortProcess
14:44:41.573706430 ESTAB 0      99992       10.0.0.1:41844     10.0.0.2:5001
14:44:41.573706430 	 reno wscale:9,9 rto:265 rtt:64.563/32.281 mss:1448 pmtu:1500 rcvmss:536 advmss:1448 cwnd:10 bytes_sent:13112 bytes_acked:1 segs_out:12 segs_in:1 data_segs_out:10 send 1794217bps lastsnd:15 lastrcv:15 lastack:15 pacing_rate 1297408bps/400000000bps delivered:1 app_limited busy:15ms unacked:10 rcv_space:14480 rcv_ssthresh:42242 notsent:86880 minrtt:64.563 snd_wnd:43440

14:44:41.575888596 State Recv-Q Send-Q Local Address:Port  Peer Address:PortProcess
14:44:41.575888596 ESTAB 0      99992       10.0.0.1:41844     10.0.0.2:5001
14:44:41.575888596 	 reno wscale:9,9 rto:265 rtt:64.563/32.281 mss:1448 pmtu:1500 rcvmss:536 advmss:1448 cwnd:10 bytes_sent:13112 bytes_acked:1 segs_out:12 segs_in:1 data_segs_out:10 send 1794217bps lastsnd:17 lastrcv:17 lastack:17 pacing_rate 1297408bps/400000000bps delivered:1 app_limited busy:17ms unacked:10 rcv_space:14480 rcv_ssthresh:42242 notsent:86880 minrtt:64.563 snd_wnd:43440

14:44:41.578540845 State Recv-Q Send-Q Local Address:Port  Peer Address:PortProcess
14:44:41.578540845 ESTAB 0      99992       10.0.0.1:41844     10.0.0.2:5001
14:44:41.578540845 	 reno wscale:9,9 rto:265 rtt:64.563/32.281 mss:1448 pmtu:1500 rcvmss:536 advmss:1448 cwnd:10 bytes_sent:13112 bytes_acked:1 segs_out:12 segs_in:1 data_segs_out:10 send 1794217bps lastsnd:20 lastrcv:20 lastack:20 pacing_rate 1297408bps/400000000bps delivered:1 app_limited busy:20ms unacked:10 rcv_space:14480 rcv_ssthresh:42242 notsent:86880 minrtt:64.563 snd_wnd:43440

14:44:41.580544302 State Recv-Q Send-Q Local Address:Port  Peer Address:PortProcess
14:44:41.580544302 ESTAB 0      99992       10.0.0.1:41844     10.0.0.2:5001
14:44:41.580544302 	 reno wscale:9,9 rto:265 rtt:64.563/32.281 mss:1448 pmtu:1500 rcvmss:536 advmss:1448 cwnd:10 bytes_sent:13112 bytes_acked:1 segs_out:12 segs_in:1 data_segs_out:10 send 1794217bps lastsnd:22 lastrcv:22 lastack:22 pacing_rate 1297408bps/400000000bps delivered:1 app_limited busy:22ms unacked:10 rcv_space:14480 rcv_ssthresh:42242 notsent:86880 minrtt:64.563 snd_wnd:43440

14:44:41.582819260 State Recv-Q Send-Q Local Address:Port  Peer Address:PortProcess
14:44:41.582819260 ESTAB 0      99992       10.0.0.1:41844     10.0.0.2:5001
14:44:41.582819260 	 reno wscale:9,9 rto:265 rtt:64.563/32.281 mss:1448 pmtu:1500 rcvmss:536 advmss:1448 cwnd:10 bytes_sent:13112 bytes_acked:1 segs_out:12 segs_in:1 data_segs_out:10 send 1794217bps lastsnd:24 lastrcv:24 lastack:24 pacing_rate 1297408bps/400000000bps delivered:1 app_limited busy:24ms unacked:10 rcv_space:14480 rcv_ssthresh:42242 notsent:86880 minrtt:64.563 snd_wnd:43440

14:44:41.584893926 State Recv-Q Send-Q Local Address:Port  Peer Address:PortProcess
14:44:41.584893926 ESTAB 0      99992       10.0.0.1:41844     10.0.0.2:5001
14:44:41.584893926 	 reno wscale:9,9 rto:265 rtt:64.563/32.281 mss:1448 pmtu:1500 rcvmss:536 advmss:1448 cwnd:10 bytes_sent:13112 bytes_acked:1 segs_out:12 segs_in:1 data_segs_out:10 send 1794217bps lastsnd:26 lastrcv:26 lastack:26 pacing_rate 1297408bps/400000000bps delivered:1 app_limited busy:26ms unacked:10 rcv_space:14480 rcv_ssthresh:42242 notsent:86880 minrtt:64.563 snd_wnd:43440

14:44:41.586664633 State Recv-Q Send-Q Local Address:Port  Peer Address:PortProcess
14:44:41.586664633 ESTAB 0      99992       10.0.0.1:41844     10.0.0.2:5001
14:44:41.586664633 	 reno wscale:9,9 rto:265 rtt:64.563/32.281 mss:1448 pmtu:1500 rcvmss:536 advmss:1448 cwnd:10 bytes_sent:13112 bytes_acked:1 segs_out:12 segs_in:1 data_segs_out:10 send 1794217bps lastsnd:28 lastrcv:28 lastack:28 pacing_rate 1297408bps/400000000bps delivered:1 app_limited busy:28ms unacked:10 rcv_space:14480 rcv_ssthresh:42242 notsent:86880 minrtt:64.563 snd_wnd:43440

14:44:41.588501174 State Recv-Q Send-Q Local Address:Port  Peer Address:PortProcess
14:44:41.588501174 ESTAB 0      99992       10.0.0.1:41844     10.0.0.2:5001
14:44:41.588501174 	 reno wscale:9,9 rto:265 rtt:64.563/32.281 mss:1448 pmtu:1500 rcvmss:536 advmss:1448 cwnd:10 bytes_sent:13112 bytes_acked:1 segs_out:12 segs_in:1 data_segs_out:10 send 1794217bps lastsnd:30 lastrcv:30 lastack:30 pacing_rate 1297408bps/400000000bps delivered:1 app_limited busy:30ms unacked:10 rcv_space:14480 rcv_ssthresh:42242 notsent:86880 minrtt:64.563 snd_wnd:43440

14:44:41.590416382 State Recv-Q Send-Q Local Address:Port  Peer Address:PortProcess
14:44:41.590416382 ESTAB 28     146248      10.0.0.1:41844     10.0.0.2:5001
14:44:41.590416382 	 reno wscale:9,9 rto:243 rtt:42.606/19.173 ato:40 mss:1448 pmtu:1500 rcvmss:536 advmss:1448 cwnd:18 bytes_sent:16008 bytes_acked:10217 bytes_received:28 segs_out:15 segs_in:10 data_segs_out:12 data_segs_in:1 send 4893959bps lastsnd:2 lastrcv:2 pacing_rate 3475200bps/400000000bps delivery_rate 2905800bps delivered:9 app_limited busy:32ms unacked:4 rcv_space:14480 rcv_ssthresh:42242 notsent:140456 minrtt:30.391 snd_wnd:52736

14:44:41.592712923 State Recv-Q Send-Q Local Address:Port  Peer Address:PortProcess
14:44:41.592712923 ESTAB 28     143352      10.0.0.1:41844     10.0.0.2:5001
14:44:41.592712923 	 reno wscale:9,9 rto:241 rtt:40.165/15.003 ato:40 mss:1448 pmtu:1500 rcvmss:536 advmss:1448 cwnd:20 bytes_sent:16008 bytes_acked:13113 bytes_received:28 segs_out:15 segs_in:12 data_segs_out:12 data_segs_in:1 send 5768206bps lastsnd:4 lastrcv:4 lastack:2 pacing_rate 4089152bps/400000000bps delivery_rate 3567816bps delivered:11 app_limited busy:34ms unacked:2 rcv_space:14480 rcv_ssthresh:42242 notsent:140456 minrtt:30.391 snd_wnd:52736

14:44:41.595506088 State Recv-Q Send-Q Local Address:Port  Peer Address:PortProcess
14:44:41.595506088 ESTAB 28     143352      10.0.0.1:41844     10.0.0.2:5001
14:44:41.595506088 	 reno wscale:9,9 rto:241 rtt:40.165/15.003 ato:40 mss:1448 pmtu:1500 rcvmss:536 advmss:1448 cwnd:20 bytes_sent:16008 bytes_acked:13113 bytes_received:28 segs_out:15 segs_in:12 data_segs_out:12 data_segs_in:1 send 5768206bps lastsnd:7 lastrcv:7 lastack:5 pacing_rate 4089152bps/400000000bps delivery_rate 3567816bps delivered:11 app_limited busy:37ms unacked:2 rcv_space:14480 rcv_ssthresh:42242 notsent:140456 minrtt:30.391 snd_wnd:52736

14:44:41.597892587 State Recv-Q Send-Q Local Address:Port  Peer Address:PortProcess
14:44:41.597892587 ESTAB 28     143352      10.0.0.1:41844     10.0.0.2:5001
14:44:41.597892587 	 reno wscale:9,9 rto:241 rtt:40.165/15.003 ato:40 mss:1448 pmtu:1500 rcvmss:536 advmss:1448 cwnd:20 bytes_sent:18904 bytes_acked:13113 bytes_received:28 segs_out:17 segs_in:12 data_segs_out:14 data_segs_in:1 send 5768206bps lastsnd:1 lastrcv:9 lastack:7 pacing_rate 4089152bps/400000000bps delivery_rate 3567816bps delivered:11 app_limited busy:39ms unacked:4 rcv_space:14480 rcv_ssthresh:42242 notsent:137560 minrtt:30.391 snd_wnd:52736

14:44:41.599784962 State Recv-Q Send-Q Local Address:Port  Peer Address:PortProcess
14:44:41.599784962 ESTAB 28     143352      10.0.0.1:41844     10.0.0.2:5001
14:44:41.599784962 	 reno wscale:9,9 rto:241 rtt:40.165/15.003 ato:40 mss:1448 pmtu:1500 rcvmss:536 advmss:1448 cwnd:20 bytes_sent:18904 bytes_acked:13113 bytes_received:28 segs_out:17 segs_in:12 data_segs_out:14 data_segs_in:1 send 5768206bps lastsnd:3 lastrcv:11 lastack:9 pacing_rate 4089152bps/400000000bps delivery_rate 3567816bps delivered:11 app_limited busy:41ms unacked:4 rcv_space:14480 rcv_ssthresh:42242 notsent:137560 minrtt:30.391 snd_wnd:52736

14:44:41.602561002 State Recv-Q Send-Q Local Address:Port  Peer Address:PortProcess
14:44:41.602561002 ESTAB 28     143352      10.0.0.1:41844     10.0.0.2:5001
14:44:41.602561002 	 reno wscale:9,9 rto:241 rtt:40.165/15.003 ato:40 mss:1448 pmtu:1500 rcvmss:536 advmss:1448 cwnd:20 bytes_sent:21800 bytes_acked:13113 bytes_received:28 segs_out:19 segs_in:12 data_segs_out:16 data_segs_in:1 send 5768206bps lastsnd:1 lastrcv:14 lastack:12 pacing_rate 4089152bps/400000000bps delivery_rate 3567816bps delivered:11 app_limited busy:44ms unacked:6 rcv_space:14480 rcv_ssthresh:42242 notsent:134664 minrtt:30.391 snd_wnd:52736

14:44:41.604944210 State Recv-Q Send-Q Local Address:Port  Peer Address:PortProcess
14:44:41.604944210 ESTAB 28     143352      10.0.0.1:41844     10.0.0.2:5001
14:44:41.604944210 	 reno wscale:9,9 rto:241 rtt:40.165/15.003 ato:40 mss:1448 pmtu:1500 rcvmss:536 advmss:1448 cwnd:20 bytes_sent:21800 bytes_acked:13113 bytes_received:28 segs_out:19 segs_in:12 data_segs_out:16 data_segs_in:1 send 5768206bps lastsnd:4 lastrcv:17 lastack:15 pacing_rate 4089152bps/400000000bps delivery_rate 3567816bps delivered:11 app_limited busy:47ms unacked:6 rcv_space:14480 rcv_ssthresh:42242 notsent:134664 minrtt:30.391 snd_wnd:52736

14:44:41.607523917 State Recv-Q Send-Q Local Address:Port  Peer Address:PortProcess
14:44:41.607523917 ESTAB 28     143352      10.0.0.1:41844     10.0.0.2:5001
