12:34:53.875639419 State Recv-Q Send-Q Local Address:Port Peer Address:PortProcess

12:34:53.879067329 State Recv-Q Send-Q Local Address:Port Peer Address:PortProcess

12:34:53.883318195 State Recv-Q Send-Q Local Address:Port Peer Address:PortProcess

12:34:53.886342522 State Recv-Q Send-Q Local Address:Port Peer Address:PortProcess

12:34:53.889740390 State Recv-Q Send-Q Local Address:Port Peer Address:PortProcess

12:34:53.892258009 State Recv-Q Send-Q Local Address:Port Peer Address:PortProcess

12:34:53.894943712 State Recv-Q Send-Q Local Address:Port Peer Address:PortProcess

12:34:53.897015374 State Recv-Q Send-Q Local Address:Port Peer Address:PortProcess

12:34:53.899275453 State Recv-Q Send-Q Local Address:Port Peer Address:PortProcess

12:34:53.901364115 State Recv-Q Send-Q Local Address:Port Peer Address:PortProcess

12:34:53.903524152 State Recv-Q Send-Q Local Address:Port Peer Address:PortProcess

12:34:53.905724648 State Recv-Q Send-Q Local Address:Port Peer Address:PortProcess

12:34:53.907843685 State Recv-Q Send-Q Local Address:Port Peer Address:PortProcess

12:34:53.909994222 State Recv-Q Send-Q Local Address:Port Peer Address:PortProcess

12:34:53.912223592 State Recv-Q Send-Q Local Address:Port Peer Address:PortProcess

12:34:53.914189088 State Recv-Q Send-Q Local Address:Port Peer Address:PortProcess

12:34:53.916607333 State Recv-Q Send-Q Local Address:Port Peer Address:PortProcess

12:34:53.918543870 State Recv-Q Send-Q Local Address:Port Peer Address:PortProcess

12:34:53.921030199 State Recv-Q Send-Q Local Address:Port Peer Address:PortProcess

12:34:53.923031319 State Recv-Q Send-Q Local Address:Port Peer Address:PortProcess

12:34:53.925271690 State Recv-Q Send-Q Local Address:Port Peer Address:PortProcess

12:34:53.927167977 State Recv-Q Send-Q Local Address:Port Peer Address:PortProcess

12:34:53.929327973 State Recv-Q Send-Q Local Address:Port Peer Address:PortProcess

12:34:53.932033092 State Recv-Q Send-Q Local Address:Port Peer Address:PortProcess

12:34:53.934099754 State Recv-Q Send-Q Local Address:Port Peer Address:PortProcess

12:34:53.936305500 State Recv-Q Send-Q Local Address:Port Peer Address:PortProcess

12:34:53.938457078 State Recv-Q Send-Q Local Address:Port Peer Address:PortProcess

12:34:53.940692824 State Recv-Q Send-Q Local Address:Port Peer Address:PortProcess

12:34:53.942718069 State Recv-Q Send-Q Local Address:Port Peer Address:PortProcess

12:34:53.945126398 State Recv-Q Send-Q Local Address:Port Peer Address:PortProcess

12:34:53.947262351 State Recv-Q Send-Q Local Address:Port Peer Address:PortProcess

12:34:53.949640221 State Recv-Q Send-Q Local Address:Port Peer Address:PortProcess

12:34:53.951604717 State Recv-Q Send-Q Local Address:Port Peer Address:PortProcess

12:34:53.953644796 State Recv-Q Send-Q Local Address:Port Peer Address:PortProcess

12:34:53.955771583 State Recv-Q Send-Q Local Address:Port Peer Address:PortProcess

12:34:53.958096537 State Recv-Q Send-Q Local Address:Port Peer Address:PortProcess

12:34:53.960544907 State Recv-Q Send-Q Local Address:Port Peer Address:PortProcess

12:34:53.962933693 State Recv-Q Send-Q Local Address:Port Peer Address:PortProcess

12:34:53.965265438 State Recv-Q Send-Q Local Address:Port Peer Address:PortProcess

12:34:53.967994433 State Recv-Q Send-Q Local Address:Port Peer Address:PortProcess

12:34:53.970358844 State Recv-Q Send-Q Local Address:Port Peer Address:PortProcess

12:34:53.972579923 State Recv-Q Send-Q Local Address:Port Peer Address:PortProcess

12:34:53.974985960 State Recv-Q Send-Q Local Address:Port Peer Address:PortProcess

12:34:53.977184788 State Recv-Q Send-Q Local Address:Port Peer Address:PortProcess

12:34:53.979266534 State Recv-Q Send-Q Local Address:Port Peer Address:PortProcess

12:34:53.981625654 State Recv-Q Send-Q Local Address:Port Peer Address:PortProcess

12:34:53.983679399 State Recv-Q Send-Q Local Address:Port Peer Address:PortProcess

12:34:53.985686104 State Recv-Q Send-Q Local Address:Port Peer Address:PortProcess

12:34:53.987840974 State Recv-Q Send-Q Local Address:Port Peer Address:PortProcess

12:34:53.990075886 State Recv-Q Send-Q Local Address:Port Peer Address:PortProcess

12:34:53.992118923 State Recv-Q Send-Q Local Address:Port Peer Address:PortProcess

12:34:53.993921378 State Recv-Q Send-Q Local Address:Port Peer Address:PortProcess

12:34:53.995873624 State Recv-Q Send-Q Local Address:Port Peer Address:PortProcess

12:34:53.998085869 State Recv-Q Send-Q Local Address:Port Peer Address:PortProcess

12:34:54.000094156 State Recv-Q Send-Q Local Address:Port Peer Address:PortProcess

12:34:54.002848026 State Recv-Q Send-Q Local Address:Port Peer Address:PortProcess

12:34:54.005119146 State Recv-Q Send-Q Local Address:Port Peer Address:PortProcess

12:34:54.007829723 State Recv-Q Send-Q Local Address:Port Peer Address:PortProcess

12:34:54.009968302 State Recv-Q Send-Q Local Address:Port Peer Address:PortProcess

12:34:54.012029756 State Recv-Q Send-Q Local Address:Port Peer Address:PortProcess

12:34:54.014261043 State Recv-Q Send-Q Local Address:Port Peer Address:PortProcess

12:34:54.016532705 State Recv-Q Send-Q Local Address:Port Peer Address:PortProcess

12:34:54.018335076 State Recv-Q Send-Q Local Address:Port Peer Address:PortProcess

12:34:54.020322864 State Recv-Q Send-Q Local Address:Port Peer Address:PortProcess

12:34:54.022636775 State Recv-Q Send-Q Local Address:Port Peer Address:PortProcess

12:34:54.024750896 State Recv-Q Send-Q Local Address:Port Peer Address:PortProcess

12:34:54.026884266 State Recv-Q Send-Q Local Address:Port Peer Address:PortProcess

12:34:54.029139887 State Recv-Q Send-Q Local Address:Port Peer Address:PortProcess

12:34:54.031466132 State Recv-Q Send-Q Local Address:Port Peer Address:PortProcess

12:34:54.033886002 State Recv-Q Send-Q Local Address:Port Peer Address:PortProcess

12:34:54.035955080 State Recv-Q Send-Q Local Address:Port Peer Address:PortProcess

12:34:54.037901618 State Recv-Q Send-Q Local Address:Port Peer Address:PortProcess

12:34:54.040566029 State Recv-Q Send-Q Local Address:Port Peer Address:PortProcess

12:34:54.042610025 State Recv-Q Send-Q Local Address:Port Peer Address:PortProcess

12:34:54.044895353 State Recv-Q Send-Q Local Address:Port Peer Address:PortProcess

12:34:54.047114807 State Recv-Q Send-Q Local Address:Port Peer Address:PortProcess

12:34:54.048825387 State Recv-Q Send-Q Local Address:Port Peer Address:PortProcess

12:34:54.051410298 State Recv-Q Send-Q Local Address:Port Peer Address:PortProcess

12:34:54.053774334 State Recv-Q Send-Q Local Address:Port Peer Address:PortProcess

12:34:54.056130288 State Recv-Q Send-Q Local Address:Port Peer Address:PortProcess

12:34:54.058231492 State Recv-Q Send-Q Local Address:Port Peer Address:PortProcess

12:34:54.060742361 State Recv-Q Send-Q Local Address:Port Peer Address:PortProcess

12:34:54.062823232 State Recv-Q Send-Q Local Address:Port Peer Address:PortProcess

12:34:54.065130644 State Recv-Q Send-Q Local Address:Port Peer Address:PortProcess

12:34:54.067716221 State Recv-Q Send-Q Local Address:Port Peer Address:PortProcess

12:34:54.069806884 State Recv-Q Send-Q Local Address:Port Peer Address:PortProcess

12:34:54.072241087 State Recv-Q Send-Q Local Address:Port Peer Address:PortProcess

12:34:54.074624957 State Recv-Q Send-Q Local Address:Port Peer Address:PortProcess

12:34:54.076958119 State Recv-Q Send-Q Local Address:Port Peer Address:PortProcess

12:34:54.079242155 State Recv-Q Send-Q Local Address:Port Peer Address:PortProcess

12:34:54.081910525 State Recv-Q Send-Q Local Address:Port Peer Address:PortProcess

12:34:54.083926229 State Recv-Q Send-Q Local Address:Port Peer Address:PortProcess

12:34:54.086300349 State Recv-Q Send-Q Local Address:Port Peer Address:PortProcess

12:34:54.088861552 State Recv-Q Send-Q Local Address:Port Peer Address:PortProcess

12:34:54.091359546 State Recv-Q Send-Q Local Address:Port Peer Address:PortProcess

12:34:54.093837958 State Recv-Q Send-Q Local Address:Port Peer Address:PortProcess

12:34:54.095898745 State Recv-Q Send-Q Local Address:Port Peer Address:PortProcess

12:34:54.098481656 State Recv-Q Send-Q Local Address:Port Peer Address:PortProcess

12:34:54.100814526 State Recv-Q Send-Q Local Address:Port Peer Address:PortProcess

12:34:54.102936022 State Recv-Q Send-Q Local Address:Port Peer Address:PortProcess

12:34:54.104877268 State Recv-Q Send-Q Local Address:Port Peer Address:PortProcess

12:34:54.107251471 State Recv-Q Send-Q Local Address:Port Peer Address:PortProcess

12:34:54.109596258 State Recv-Q Send-Q Local Address:Port Peer Address:PortProcess

12:34:54.111262546 State Recv-Q Send-Q Local Address:Port Peer Address:PortProcess

12:34:54.113738582 State Recv-Q Send-Q Local Address:Port Peer Address:PortProcess

12:34:54.115578578 State Recv-Q Send-Q Local Address:Port Peer Address:PortProcess

12:34:54.117874532 State Recv-Q Send-Q Local Address:Port Peer Address:PortProcess

12:34:54.119953111 State Recv-Q Send-Q Local Address:Port Peer Address:PortProcess

12:34:54.122103440 State Recv-Q Send-Q Local Address:Port Peer Address:PortProcess

12:34:54.124230143 State Recv-Q Send-Q Local Address:Port Peer Address:PortProcess

12:34:54.126352014 State Recv-Q Send-Q Local Address:Port Peer Address:PortProcess

12:34:54.128511134 State Recv-Q Send-Q Local Address:Port Peer Address:PortProcess

12:34:54.130636672 State Recv-Q Send-Q Local Address:Port Peer Address:PortProcess

12:34:54.132937208 State Recv-Q Send-Q Local Address:Port Peer Address:PortProcess

12:34:54.135102829 State Recv-Q Send-Q Local Address:Port Peer Address:PortProcess

12:34:54.137204699 State Recv-Q Send-Q Local Address:Port Peer Address:PortProcess

12:34:54.139804152 State Recv-Q Send-Q Local Address:Port Peer Address:PortProcess

12:34:54.142012147 State Recv-Q Send-Q Local Address:Port Peer Address:PortProcess

12:34:54.144332476 State Recv-Q Send-Q Local Address:Port Peer Address:PortProcess

12:34:54.146612721 State Recv-Q Send-Q Local Address:Port Peer Address:PortProcess

12:34:54.148741341 State Recv-Q Send-Q Local Address:Port Peer Address:PortProcess

12:34:54.151009587 State Recv-Q Send-Q Local Address:Port Peer Address:PortProcess

12:34:54.153148957 State Recv-Q Send-Q Local Address:Port Peer Address:PortProcess

12:34:54.155245494 State Recv-Q Send-Q Local Address:Port Peer Address:PortProcess

12:34:54.157240115 State Recv-Q Send-Q Local Address:Port Peer Address:PortProcess

12:34:54.159777693 State Recv-Q Send-Q Local Address:Port Peer Address:PortProcess

12:34:54.162127105 State Recv-Q Send-Q Local Address:Port Peer Address:PortProcess

12:34:54.164621308 State Recv-Q Send-Q Local Address:Port Peer Address:PortProcess

12:34:54.166703220 State Recv-Q Send-Q Local Address:Port Peer Address:PortProcess

12:34:54.168755966 State Recv-Q Send-Q Local Address:Port Peer Address:PortProcess

12:34:54.171013919 State Recv-Q Send-Q Local Address:Port Peer Address:PortProcess

12:34:54.172999665 State Recv-Q Send-Q Local Address:Port Peer Address:PortProcess

12:34:54.175323577 State Recv-Q Send-Q Local Address:Port Peer Address:PortProcess

12:34:54.177779780 State Recv-Q Send-Q Local Address:Port Peer Address:PortProcess

12:34:54.180129900 State Recv-Q Send-Q Local Address:Port Peer Address:PortProcess

12:34:54.182585353 State Recv-Q Send-Q Local Address:Port Peer Address:PortProcess

12:34:54.184732432 State Recv-Q Send-Q Local Address:Port Peer Address:PortProcess

12:34:54.186808594 State Recv-Q Send-Q Local Address:Port Peer Address:PortProcess

12:34:54.188881173 State Recv-Q Send-Q Local Address:Port Peer Address:PortProcess

12:34:54.191093752 State Recv-Q Send-Q Local Address:Port Peer Address:PortProcess

12:34:54.193650705 State Recv-Q Send-Q Local Address:Port Peer Address:PortProcess

12:34:54.195602034 State Recv-Q Send-Q Local Address:Port Peer Address:PortProcess

12:34:54.197808071 State Recv-Q Send-Q Local Address:Port Peer Address:PortProcess

12:34:54.199768192 State Recv-Q Send-Q Local Address:Port Peer Address:PortProcess

12:34:54.202143728 State Recv-Q Send-Q Local Address:Port Peer Address:PortProcess

12:34:54.204435015 State Recv-Q Send-Q Local Address:Port Peer Address:PortProcess

12:34:54.206995343 State Recv-Q Send-Q Local Address:Port Peer Address:PortProcess

12:34:54.209252005 State Recv-Q Send-Q Local Address:Port Peer Address:PortProcess

12:34:54.211247126 State Recv-Q Send-Q Local Address:Port Peer Address:PortProcess

12:34:54.213504038 State Recv-Q Send-Q Local Address:Port Peer Address:PortProcess

12:34:54.216038032 State Recv-Q Send-Q Local Address:Port Peer Address:PortProcess

12:34:54.218344194 State Recv-Q Send-Q Local Address:Port Peer Address:PortProcess

12:34:54.220955522 State Recv-Q Send-Q Local Address:Port Peer Address:PortProcess

12:34:54.223007434 State Recv-Q Send-Q Local Address:Port Peer Address:PortProcess

12:34:54.225108305 State Recv-Q Send-Q Local Address:Port Peer Address:PortProcess

12:34:54.227593841 State Recv-Q Send-Q Local Address:Port Peer Address:PortProcess

12:34:54.229695337 State Recv-Q Send-Q Local Address:Port Peer Address:PortProcess

12:34:54.231632499 State Recv-Q Send-Q Local Address:Port Peer Address:PortProcess

12:34:54.233542828 State Recv-Q Send-Q Local Address:Port Peer Address:PortProcess

12:34:54.235587741 State Recv-Q Send-Q Local Address:Port Peer Address:PortProcess

12:34:54.238019444 State Recv-Q Send-Q Local Address:Port Peer Address:PortProcess

12:34:54.240065606 State Recv-Q Send-Q Local Address:Port Peer Address:PortProcess

12:34:54.242248268 State Recv-Q Send-Q Local Address:Port Peer Address:PortProcess

12:34:54.244487389 State Recv-Q Send-Q Local Address:Port Peer Address:PortProcess

12:34:54.246698801 State Recv-Q Send-Q Local Address:Port Peer Address:PortProcess

12:34:54.248733671 State Recv-Q Send-Q Local Address:Port Peer Address:PortProcess

12:34:54.250922458 State Recv-Q Send-Q Local Address:Port Peer Address:PortProcess

12:34:54.253185037 State Recv-Q Send-Q Local Address:Port Peer Address:PortProcess

12:34:54.255306866 State Recv-Q Send-Q Local Address:Port Peer Address:PortProcess

12:34:54.257631194 State Recv-Q Send-Q Local Address:Port Peer Address:PortProcess

12:34:54.259827398 State Recv-Q Send-Q Local Address:Port Peer Address:PortProcess

12:34:54.261735019 State Recv-Q Send-Q Local Address:Port Peer Address:PortProcess

12:34:54.264152389 State Recv-Q Send-Q Local Address:Port Peer Address:PortProcess

12:34:54.266288342 State Recv-Q Send-Q Local Address:Port Peer Address:PortProcess

12:34:54.268805879 State Recv-Q Send-Q Local Address:Port Peer Address:PortProcess

12:34:54.271012041 State Recv-Q Send-Q Local Address:Port Peer Address:PortProcess

12:34:54.273166119 State Recv-Q Send-Q Local Address:Port Peer Address:PortProcess

12:34:54.275345448 State Recv-Q Send-Q Local Address:Port Peer Address:PortProcess

12:34:54.277323902 State Recv-Q Send-Q Local Address:Port Peer Address:PortProcess

12:34:54.279522023 State Recv-Q Send-Q Local Address:Port Peer Address:PortProcess

12:34:54.281861768 State Recv-Q Send-Q Local Address:Port Peer Address:PortProcess

12:34:54.283717597 State Recv-Q Send-Q Local Address:Port Peer Address:PortProcess

12:34:54.285670635 State Recv-Q Send-Q Local Address:Port Peer Address:PortProcess

12:34:54.287817338 State Recv-Q Send-Q Local Address:Port Peer Address:PortProcess

12:34:54.290094750 State Recv-Q Send-Q Local Address:Port Peer Address:PortProcess

12:34:54.292739495 State Recv-Q Send-Q Local Address:Port Peer Address:PortProcess

12:34:54.294699532 State Recv-Q Send-Q Local Address:Port Peer Address:PortProcess

12:34:54.296920736 State Recv-Q Send-Q Local Address:Port Peer Address:PortProcess

12:34:54.298894732 State Recv-Q Send-Q Local Address:Port Peer Address:PortProcess

12:34:54.301223143 State Recv-Q Send-Q Local Address:Port Peer Address:PortProcess

12:34:54.303654055 State Recv-Q Send-Q Local Address:Port Peer Address:PortProcess

12:34:54.305879092 State Recv-Q Send-Q Local Address:Port Peer Address:PortProcess

12:34:54.307985587 State Recv-Q Send-Q Local Address:Port Peer Address:PortProcess

12:34:54.309921042 State Recv-Q Send-Q Local Address:Port Peer Address:PortProcess

12:34:54.312517369 State Recv-Q Send-Q Local Address:Port Peer Address:PortProcess

12:34:54.314960823 State Recv-Q Send-Q Local Address:Port Peer Address:PortProcess

12:34:54.317273693 State Recv-Q Send-Q Local Address:Port Peer Address:PortProcess

12:34:54.319298980 State Recv-Q Send-Q Local Address:Port Peer Address:PortProcess

12:34:54.321190309 State Recv-Q Send-Q Local Address:Port Peer Address:PortProcess

12:34:54.323202847 State Recv-Q Send-Q Local Address:Port Peer Address:PortProcess

12:34:54.325209718 State Recv-Q Send-Q Local Address:Port Peer Address:PortProcess

12:34:54.327865045 State Recv-Q Send-Q Local Address:Port Peer Address:PortProcess

12:34:54.330174790 State Recv-Q Send-Q Local Address:Port Peer Address:PortProcess

12:34:54.332333036 State Recv-Q Send-Q Local Address:Port Peer Address:PortProcess

12:34:54.334534906 State Recv-Q Send-Q Local Address:Port Peer Address:PortProcess

12:34:54.336740610 State Recv-Q Send-Q Local Address:Port Peer Address:PortProcess

12:34:54.338788022 State Recv-Q Send-Q Local Address:Port Peer Address:PortProcess

12:34:54.340958643 State Recv-Q Send-Q Local Address:Port Peer Address:PortProcess

12:34:54.342977180 State Recv-Q Send-Q Local Address:Port Peer Address:PortProcess

12:34:54.345214384 State Recv-Q Send-Q Local Address:Port Peer Address:PortProcess

12:34:54.347275587 State Recv-Q Send-Q Local Address:Port Peer Address:PortProcess

12:34:54.349591041 State Recv-Q Send-Q Local Address:Port Peer Address:PortProcess

12:34:54.351879661 State Recv-Q Send-Q Local Address:Port Peer Address:PortProcess

12:34:54.354033906 State Recv-Q Send-Q Local Address:Port Peer Address:PortProcess

12:34:54.356076902 State Recv-Q Send-Q Local Address:Port Peer Address:PortProcess

12:34:54.358637063 State Recv-Q Send-Q Local Address:Port Peer Address:PortProcess

12:34:54.360726559 State Recv-Q Send-Q Local Address:Port Peer Address:PortProcess

12:34:54.363063054 State Recv-Q Send-Q Local Address:Port Peer Address:PortProcess

12:34:54.365092925 State Recv-Q Send-Q Local Address:Port Peer Address:PortProcess

12:34:54.367039754 State Recv-Q Send-Q Local Address:Port Peer Address:PortProcess

12:34:54.368859542 State Recv-Q Send-Q Local Address:Port Peer Address:PortProcess

12:34:54.371003829 State Recv-Q Send-Q Local Address:Port Peer Address:PortProcess

12:34:54.372980866 State Recv-Q Send-Q Local Address:Port Peer Address:PortProcess

12:34:54.375151820 State Recv-Q Send-Q Local Address:Port Peer Address:PortProcess

12:34:54.377867606 State    Recv-Q Send-Q Local Address:Port  Peer Address:PortProcess
12:34:54.377867606 SYN-SENT 0      1           10.0.0.1:51068     10.0.0.2:5001
12:34:54.377867606 	 reno rto:1000 mss:524 pmtu:1500 rcvmss:88 advmss:1460 cwnd:10 segs_out:1 lastsnd:5405692 lastrcv:5405692 lastack:5405692 pacing_rate 800000000bps/800000000bps app_limited unacked:1 rcv_ssthresh:42340

12:34:54.380170351 State    Recv-Q Send-Q Local Address:Port  Peer Address:PortProcess
12:34:54.380170351 SYN-SENT 0      1           10.0.0.1:51068     10.0.0.2:5001
12:34:54.380170351 	 reno rto:1000 mss:524 pmtu:1500 rcvmss:88 advmss:1460 cwnd:10 segs_out:1 lastsnd:5405694 lastrcv:5405694 lastack:5405694 pacing_rate 800000000bps/800000000bps app_limited unacked:1 rcv_ssthresh:42340

12:34:54.382682762 State    Recv-Q Send-Q Local Address:Port  Peer Address:PortProcess
12:34:54.382682762 SYN-SENT 0      1           10.0.0.1:51068     10.0.0.2:5001
12:34:54.382682762 	 reno rto:1000 mss:524 pmtu:1500 rcvmss:88 advmss:1460 cwnd:10 segs_out:1 lastsnd:5405697 lastrcv:5405697 lastack:5405697 pacing_rate 800000000bps/800000000bps app_limited unacked:1 rcv_ssthresh:42340

12:34:54.384627592 State    Recv-Q Send-Q Local Address:Port  Peer Address:PortProcess
12:34:54.384627592 SYN-SENT 0      1           10.0.0.1:51068     10.0.0.2:5001
12:34:54.384627592 	 reno rto:1000 mss:524 pmtu:1500 rcvmss:88 advmss:1460 cwnd:10 segs_out:1 lastsnd:5405699 lastrcv:5405699 lastack:5405699 pacing_rate 800000000bps/800000000bps app_limited unacked:1 rcv_ssthresh:42340

12:34:54.386591754 State    Recv-Q Send-Q Local Address:Port  Peer Address:PortProcess
12:34:54.386591754 SYN-SENT 0      1           10.0.0.1:51068     10.0.0.2:5001
12:34:54.386591754 	 reno rto:1000 mss:524 pmtu:1500 rcvmss:88 advmss:1460 cwnd:10 segs_out:1 lastsnd:5405701 lastrcv:5405701 lastack:5405701 pacing_rate 800000000bps/800000000bps app_limited unacked:1 rcv_ssthresh:42340

12:34:54.388861749 State    Recv-Q Send-Q Local Address:Port  Peer Address:PortProcess
12:34:54.388861749 SYN-SENT 0      1           10.0.0.1:51068     10.0.0.2:5001
12:34:54.388861749 	 reno rto:1000 mss:524 pmtu:1500 rcvmss:88 advmss:1460 cwnd:10 segs_out:1 lastsnd:5405703 lastrcv:5405703 lastack:5405703 pacing_rate 800000000bps/800000000bps app_limited unacked:1 rcv_ssthresh:42340

12:34:54.390938162 State    Recv-Q Send-Q Local Address:Port  Peer Address:PortProcess
12:34:54.390938162 SYN-SENT 0      1           10.0.0.1:51068     10.0.0.2:5001
12:34:54.390938162 	 reno rto:1000 mss:524 pmtu:1500 rcvmss:88 advmss:1460 cwnd:10 segs_out:1 lastsnd:5405705 lastrcv:5405705 lastack:5405705 pacing_rate 800000000bps/800000000bps app_limited unacked:1 rcv_ssthresh:42340

12:34:54.393155157 State    Recv-Q Send-Q Local Address:Port  Peer Address:PortProcess
12:34:54.393155157 SYN-SENT 0      1           10.0.0.1:51068     10.0.0.2:5001
12:34:54.393155157 	 reno rto:1000 mss:524 pmtu:1500 rcvmss:88 advmss:1460 cwnd:10 segs_out:1 lastsnd:5405707 lastrcv:5405707 lastack:5405707 pacing_rate 800000000bps/800000000bps app_limited unacked:1 rcv_ssthresh:42340

12:34:54.395113319 State    Recv-Q Send-Q Local Address:Port  Peer Address:PortProcess
12:34:54.395113319 SYN-SENT 0      1           10.0.0.1:51068     10.0.0.2:5001
12:34:54.395113319 	 reno rto:1000 mss:524 pmtu:1500 rcvmss:88 advmss:1460 cwnd:10 segs_out:1 lastsnd:5405709 lastrcv:5405709 lastack:5405709 pacing_rate 800000000bps/800000000bps app_limited unacked:1 rcv_ssthresh:42340

12:34:54.397214023 State    Recv-Q Send-Q Local Address:Port  Peer Address:PortProcess
12:34:54.397214023 SYN-SENT 0      1           10.0.0.1:51068     10.0.0.2:5001
12:34:54.397214023 	 reno rto:1000 mss:524 pmtu:1500 rcvmss:88 advmss:1460 cwnd:10 segs_out:1 lastsnd:5405711 lastrcv:5405711 lastack:5405711 pacing_rate 800000000bps/800000000bps app_limited unacked:1 rcv_ssthresh:42340

12:34:54.399577060 State    Recv-Q Send-Q Local Address:Port  Peer Address:PortProcess
12:34:54.399577060 SYN-SENT 0      1           10.0.0.1:51068     10.0.0.2:5001
12:34:54.399577060 	 reno rto:1000 mss:524 pmtu:1500 rcvmss:88 advmss:1460 cwnd:10 segs_out:1 lastsnd:5405713 lastrcv:5405713 lastack:5405713 pacing_rate 800000000bps/800000000bps app_limited unacked:1 rcv_ssthresh:42340

12:34:54.401577056 State    Recv-Q Send-Q Local Address:Port  Peer Address:PortProcess
12:34:54.401577056 SYN-SENT 0      1           10.0.0.1:51068     10.0.0.2:5001
12:34:54.401577056 	 reno rto:1000 mss:524 pmtu:1500 rcvmss:88 advmss:1460 cwnd:10 segs_out:1 lastsnd:5405716 lastrcv:5405716 lastack:5405716 pacing_rate 800000000bps/800000000bps app_limited unacked:1 rcv_ssthresh:42340

12:34:54.404032342 State    Recv-Q Send-Q Local Address:Port  Peer Address:PortProcess
12:34:54.404032342 SYN-SENT 0      1           10.0.0.1:51068     10.0.0.2:5001
12:34:54.404032342 	 reno rto:1000 mss:524 pmtu:1500 rcvmss:88 advmss:1460 cwnd:10 segs_out:1 lastsnd:5405718 lastrcv:5405718 lastack:5405718 pacing_rate 800000000bps/800000000bps app_limited unacked:1 rcv_ssthresh:42340

12:34:54.406740211 State    Recv-Q Send-Q Local Address:Port  Peer Address:PortProcess
12:34:54.406740211 SYN-SENT 0      1           10.0.0.1:51068     10.0.0.2:5001
12:34:54.406740211 	 reno rto:1000 mss:524 pmtu:1500 rcvmss:88 advmss:1460 cwnd:10 segs_out:1 lastsnd:5405721 lastrcv:5405721 lastack:5405721 pacing_rate 800000000bps/800000000bps app_limited unacked:1 rcv_ssthresh:42340

12:34:54.409126623 State    Recv-Q Send-Q Local Address:Port  Peer Address:PortProcess
12:34:54.409126623 SYN-SENT 0      1           10.0.0.1:51068     10.0.0.2:5001
12:34:54.409126623 	 reno rto:1000 mss:524 pmtu:1500 rcvmss:88 advmss:1460 cwnd:10 segs_out:1 lastsnd:5405723 lastrcv:5405723 lastack:5405723 pacing_rate 800000000bps/800000000bps app_limited unacked:1 rcv_ssthresh:42340

12:34:54.411181785 State    Recv-Q Send-Q Local Address:Port  Peer Address:PortProcess
12:34:54.411181785 SYN-SENT 0      1           10.0.0.1:51068     10.0.0.2:5001
12:34:54.411181785 	 reno rto:1000 mss:524 pmtu:1500 rcvmss:88 advmss:1460 cwnd:10 segs_out:1 lastsnd:5405725 lastrcv:5405725 lastack:5405725 pacing_rate 800000000bps/800000000bps app_limited unacked:1 rcv_ssthresh:42340

12:34:54.413285448 State    Recv-Q Send-Q Local Address:Port  Peer Address:PortProcess
12:34:54.413285448 SYN-SENT 0      1           10.0.0.1:51068     10.0.0.2:5001
12:34:54.413285448 	 reno rto:1000 mss:524 pmtu:1500 rcvmss:88 advmss:1460 cwnd:10 segs_out:1 lastsnd:5405727 lastrcv:5405727 lastack:5405727 pacing_rate 800000000bps/800000000bps app_limited unacked:1 rcv_ssthresh:42340

12:34:54.415733817 State    Recv-Q Send-Q Local Address:Port  Peer Address:PortProcess
12:34:54.415733817 SYN-SENT 0      1           10.0.0.1:51068     10.0.0.2:5001
12:34:54.415733817 	 reno rto:1000 mss:524 pmtu:1500 rcvmss:88 advmss:1460 cwnd:10 segs_out:1 lastsnd:5405730 lastrcv:5405730 lastack:5405730 pacing_rate 800000000bps/800000000bps app_limited unacked:1 rcv_ssthresh:42340

12:34:54.418120187 State    Recv-Q Send-Q Local Address:Port  Peer Address:PortProcess
12:34:54.418120187 SYN-SENT 0      1           10.0.0.1:51068     10.0.0.2:5001
12:34:54.418120187 	 reno rto:1000 mss:524 pmtu:1500 rcvmss:88 advmss:1460 cwnd:10 segs_out:1 lastsnd:5405732 lastrcv:5405732 lastack:5405732 pacing_rate 800000000bps/800000000bps app_limited unacked:1 rcv_ssthresh:42340

12:34:54.420314016 State    Recv-Q Send-Q Local Address:Port  Peer Address:PortProcess
12:34:54.420314016 SYN-SENT 0      1           10.0.0.1:51068     10.0.0.2:5001
12:34:54.420314016 	 reno rto:1000 mss:524 pmtu:1500 rcvmss:88 advmss:1460 cwnd:10 segs_out:1 lastsnd:5405734 lastrcv:5405734 lastack:5405734 pacing_rate 800000000bps/800000000bps app_limited unacked:1 rcv_ssthresh:42340

12:34:54.422280304 State    Recv-Q Send-Q Local Address:Port  Peer Address:PortProcess
12:34:54.422280304 SYN-SENT 0      1           10.0.0.1:51068     10.0.0.2:5001
12:34:54.422280304 	 reno rto:1000 mss:524 pmtu:1500 rcvmss:88 advmss:1460 cwnd:10 segs_out:1 lastsnd:5405737 lastrcv:5405737 lastack:5405737 pacing_rate 800000000bps/800000000bps app_limited unacked:1 rcv_ssthresh:42340

12:34:54.424610465 State    Recv-Q Send-Q Local Address:Port  Peer Address:PortProcess
12:34:54.424610465 SYN-SENT 0      1           10.0.0.1:51068     10.0.0.2:5001
12:34:54.424610465 	 reno rto:1000 mss:524 pmtu:1500 rcvmss:88 advmss:1460 cwnd:10 segs_out:1 lastsnd:5405739 lastrcv:5405739 lastack:5405739 pacing_rate 800000000bps/800000000bps app_limited unacked:1 rcv_ssthresh:42340

12:34:54.427053043 State    Recv-Q Send-Q Local Address:Port  Peer Address:PortProcess
12:34:54.427053043 SYN-SENT 0      1           10.0.0.1:51068     10.0.0.2:5001
12:34:54.427053043 	 reno rto:1000 mss:524 pmtu:1500 rcvmss:88 advmss:1460 cwnd:10 segs_out:1 lastsnd:5405741 lastrcv:5405741 lastack:5405741 pacing_rate 800000000bps/800000000bps app_limited unacked:1 rcv_ssthresh:42340

12:34:54.429301455 State    Recv-Q Send-Q Local Address:Port  Peer Address:PortProcess
12:34:54.429301455 SYN-SENT 0      1           10.0.0.1:51068     10.0.0.2:5001
12:34:54.429301455 	 reno rto:1000 mss:524 pmtu:1500 rcvmss:88 advmss:1460 cwnd:10 segs_out:1 lastsnd:5405743 lastrcv:5405743 lastack:5405743 pacing_rate 800000000bps/800000000bps app_limited unacked:1 rcv_ssthresh:42340

12:34:54.431351868 State    Recv-Q Send-Q Local Address:Port  Peer Address:PortProcess
12:34:54.431351868 SYN-SENT 0      1           10.0.0.1:51068     10.0.0.2:5001
12:34:54.431351868 	 reno rto:1000 mss:524 pmtu:1500 rcvmss:88 advmss:1460 cwnd:10 segs_out:1 lastsnd:5405746 lastrcv:5405746 lastack:5405746 pacing_rate 800000000bps/800000000bps app_limited unacked:1 rcv_ssthresh:42340

12:34:54.433708404 State    Recv-Q Send-Q Local Address:Port  Peer Address:PortProcess
12:34:54.433708404 SYN-SENT 0      1           10.0.0.1:51068     10.0.0.2:5001
12:34:54.433708404 	 reno rto:1000 mss:524 pmtu:1500 rcvmss:88 advmss:1460 cwnd:10 segs_out:1 lastsnd:5405748 lastrcv:5405748 lastack:5405748 pacing_rate 800000000bps/800000000bps app_limited unacked:1 rcv_ssthresh:42340

12:34:54.436134316 State    Recv-Q Send-Q Local Address:Port  Peer Address:PortProcess
12:34:54.436134316 SYN-SENT 0      1           10.0.0.1:51068     10.0.0.2:5001
12:34:54.436134316 	 reno rto:1000 mss:524 pmtu:1500 rcvmss:88 advmss:1460 cwnd:10 segs_out:1 lastsnd:5405750 lastrcv:5405750 lastack:5405750 pacing_rate 800000000bps/800000000bps app_limited unacked:1 rcv_ssthresh:42340

12:34:54.438330520 State    Recv-Q Send-Q Local Address:Port  Peer Address:PortProcess
12:34:54.438330520 SYN-SENT 0      1           10.0.0.1:51068     10.0.0.2:5001
12:34:54.438330520 	 reno rto:1000 mss:524 pmtu:1500 rcvmss:88 advmss:1460 cwnd:10 segs_out:1 lastsnd:5405752 lastrcv:5405752 lastack:5405752 pacing_rate 800000000bps/800000000bps app_limited unacked:1 rcv_ssthresh:42340

12:34:54.440649348 State    Recv-Q Send-Q Local Address:Port  Peer Address:PortProcess
12:34:54.440649348 SYN-SENT 0      1           10.0.0.1:51068     10.0.0.2:5001
12:34:54.440649348 	 reno rto:1000 mss:524 pmtu:1500 rcvmss:88 advmss:1460 cwnd:10 segs_out:1 lastsnd:5405754 lastrcv:5405754 lastack:5405754 pacing_rate 800000000bps/800000000bps app_limited unacked:1 rcv_ssthresh:42340

12:34:54.442530677 State Recv-Q Send-Q Local Address:Port  Peer Address:PortProcess
12:34:54.442530677 ESTAB 0      99992       10.0.0.1:51068     10.0.0.2:5001
12:34:54.442530677 	 reno wscale:9,9 rto:265 rtt:64.678/32.339 mss:1448 pmtu:1500 rcvmss:536 advmss:1448 cwnd:10 bytes_sent:13112 bytes_acked:1 segs_out:12 segs_in:1 data_segs_out:10 send 1791026bps lastsnd:1 lastrcv:2 lastack:2 pacing_rate 3582048bps/800000000bps delivered:1 app_limited busy:1ms unacked:10 rcv_space:14480 rcv_ssthresh:42242 notsent:86880 minrtt:64.678 snd_wnd:43440

12:34:54.444664548 State Recv-Q Send-Q Local Address:Port  Peer Address:PortProcess
12:34:54.444664548 ESTAB 0      99992       10.0.0.1:51068     10.0.0.2:5001
12:34:54.444664548 	 reno wscale:9,9 rto:265 rtt:64.678/32.339 mss:1448 pmtu:1500 rcvmss:536 advmss:1448 cwnd:10 bytes_sent:13112 bytes_acked:1 segs_out:12 segs_in:1 data_segs_out:10 send 1791026bps lastsnd:3 lastrcv:4 lastack:4 pacing_rate 3582048bps/800000000bps delivered:1 app_limited busy:3ms unacked:10 rcv_space:14480 rcv_ssthresh:42242 notsent:86880 minrtt:64.678 snd_wnd:43440

12:34:54.447034834 State Recv-Q Send-Q Local Address:Port  Peer Address:PortProcess
12:34:54.447034834 ESTAB 0      99992       10.0.0.1:51068     10.0.0.2:5001
12:34:54.447034834 	 reno wscale:9,9 rto:265 rtt:64.678/32.339 mss:1448 pmtu:1500 rcvmss:536 advmss:1448 cwnd:10 bytes_sent:13112 bytes_acked:1 segs_out:12 segs_in:1 data_segs_out:10 send 1791026bps lastsnd:5 lastrcv:6 lastack:6 pacing_rate 3582048bps/800000000bps delivered:1 app_limited busy:5ms unacked:10 rcv_space:14480 rcv_ssthresh:42242 notsent:86880 minrtt:64.678 snd_wnd:43440

12:34:54.449364746 State Recv-Q Send-Q Local Address:Port  Peer Address:PortProcess
12:34:54.449364746 ESTAB 0      99992       10.0.0.1:51068     10.0.0.2:5001
12:34:54.449364746 	 reno wscale:9,9 rto:265 rtt:64.678/32.339 mss:1448 pmtu:1500 rcvmss:536 advmss:1448 cwnd:10 bytes_sent:13112 bytes_acked:1 segs_out:12 segs_in:1 data_segs_out:10 send 1791026bps lastsnd:7 lastrcv:8 lastack:8 pacing_rate 3582048bps/800000000bps delivered:1 app_limited busy:7ms unacked:10 rcv_space:14480 rcv_ssthresh:42242 notsent:86880 minrtt:64.678 snd_wnd:43440

12:34:54.451630325 State Recv-Q Send-Q Local Address:Port  Peer Address:PortProcess
12:34:54.451630325 ESTAB 0      99992       10.0.0.1:51068     10.0.0.2:5001
12:34:54.451630325 	 reno wscale:9,9 rto:265 rtt:64.678/32.339 mss:1448 pmtu:1500 rcvmss:536 advmss:1448 cwnd:10 bytes_sent:13112 bytes_acked:1 segs_out:12 segs_in:1 data_segs_out:10 send 1791026bps lastsnd:10 lastrcv:11 lastack:11 pacing_rate 3582048bps/800000000bps delivered:1 app_limited busy:10ms unacked:10 rcv_space:14480 rcv_ssthresh:42242 notsent:86880 minrtt:64.678 snd_wnd:43440

12:34:54.453544987 State Recv-Q Send-Q Local Address:Port  Peer Address:PortProcess
12:34:54.453544987 ESTAB 0      99992       10.0.0.1:51068     10.0.0.2:5001
12:34:54.453544987 	 reno wscale:9,9 rto:265 rtt:64.678/32.339 mss:1448 pmtu:1500 rcvmss:536 advmss:1448 cwnd:10 bytes_sent:13112 bytes_acked:1 segs_out:12 segs_in:1 data_segs_out:10 send 1791026bps lastsnd:11 lastrcv:12 lastack:12 pacing_rate 3582048bps/800000000bps delivered:1 app_limited busy:11ms unacked:10 rcv_space:14480 rcv_ssthresh:42242 notsent:86880 minrtt:64.678 snd_wnd:43440

12:34:54.455869107 State Recv-Q Send-Q Local Address:Port  Peer Address:PortProcess
12:34:54.455869107 ESTAB 0      99992       10.0.0.1:51068     10.0.0.2:5001
12:34:54.455869107 	 reno wscale:9,9 rto:265 rtt:64.678/32.339 mss:1448 pmtu:1500 rcvmss:536 advmss:1448 cwnd:10 bytes_sent:13112 bytes_acked:1 segs_out:12 segs_in:1 data_segs_out:10 send 1791026bps lastsnd:14 lastrcv:15 lastack:15 pacing_rate 3582048bps/800000000bps delivered:1 app_limited busy:14ms unacked:10 rcv_space:14480 rcv_ssthresh:42242 notsent:86880 minrtt:64.678 snd_wnd:43440

12:34:54.458106936 State Recv-Q Send-Q Local Address:Port  Peer Address:PortProcess
12:34:54.458106936 ESTAB 0      99992       10.0.0.1:51068     10.0.0.2:5001
12:34:54.458106936 	 reno wscale:9,9 rto:265 rtt:64.678/32.339 mss:1448 pmtu:1500 rcvmss:536 advmss:1448 cwnd:10 bytes_sent:13112 bytes_acked:1 segs_out:12 segs_in:1 data_segs_out:10 send 1791026bps lastsnd:17 lastrcv:18 lastack:18 pacing_rate 3582048bps/800000000bps delivered:1 app_limited busy:17ms unacked:10 rcv_space:14480 rcv_ssthresh:42242 notsent:86880 minrtt:64.678 snd_wnd:43440

12:34:54.460999763 State Recv-Q Send-Q Local Address:Port  Peer Address:PortProcess
12:34:54.460999763 ESTAB 0      99992       10.0.0.1:51068     10.0.0.2:5001
12:34:54.460999763 	 reno wscale:9,9 rto:265 rtt:64.678/32.339 mss:1448 pmtu:1500 rcvmss:536 advmss:1448 cwnd:10 bytes_sent:13112 bytes_acked:1 segs_out:12 segs_in:1 data_segs_out:10 send 1791026bps lastsnd:19 lastrcv:20 lastack:20 pacing_rate 3582048bps/800000000bps delivered:1 app_limited busy:19ms unacked:10 rcv_space:14480 rcv_ssthresh:42242 notsent:86880 minrtt:64.678 snd_wnd:43440

12:34:54.463107925 State Recv-Q Send-Q Local Address:Port  Peer Address:PortProcess
12:34:54.463107925 ESTAB 0      99992       10.0.0.1:51068     10.0.0.2:5001
12:34:54.463107925 	 reno wscale:9,9 rto:265 rtt:64.678/32.339 mss:1448 pmtu:1500 rcvmss:536 advmss:1448 cwnd:10 bytes_sent:13112 bytes_acked:1 segs_out:12 segs_in:1 data_segs_out:10 send 1791026bps lastsnd:21 lastrcv:22 lastack:22 pacing_rate 3582048bps/800000000bps delivered:1 app_limited busy:21ms unacked:10 rcv_space:14480 rcv_ssthresh:42242 notsent:86880 minrtt:64.678 snd_wnd:43440

12:34:54.465336712 State Recv-Q Send-Q Local Address:Port  Peer Address:PortProcess
12:34:54.465336712 ESTAB 0      99992       10.0.0.1:51068     10.0.0.2:5001
12:34:54.465336712 	 reno wscale:9,9 rto:265 rtt:64.678/32.339 mss:1448 pmtu:1500 rcvmss:536 advmss:1448 cwnd:10 bytes_sent:13112 bytes_acked:1 segs_out:12 segs_in:1 data_segs_out:10 send 1791026bps lastsnd:24 lastrcv:25 lastack:25 pacing_rate 3582048bps/800000000bps delivered:1 app_limited busy:24ms unacked:10 rcv_space:14480 rcv_ssthresh:42242 notsent:86880 minrtt:64.678 snd_wnd:43440

12:34:54.467987123 State Recv-Q Send-Q Local Address:Port  Peer Address:PortProcess
12:34:54.467987123 ESTAB 0      99992       10.0.0.1:51068     10.0.0.2:5001
12:34:54.467987123 	 reno wscale:9,9 rto:265 rtt:64.678/32.339 mss:1448 pmtu:1500 rcvmss:536 advmss:1448 cwnd:10 bytes_sent:13112 bytes_acked:1 segs_out:12 segs_in:1 data_segs_out:10 send 1791026bps lastsnd:26 lastrcv:27 lastack:27 pacing_rate 3582048bps/800000000bps delivered:1 app_limited busy:26ms unacked:10 rcv_space:14480 rcv_ssthresh:42242 notsent:86880 minrtt:64.678 snd_wnd:43440

12:34:54.470087411 State Recv-Q Send-Q Local Address:Port  Peer Address:PortProcess
12:34:54.470087411 ESTAB 0      99992       10.0.0.1:51068     10.0.0.2:5001
12:34:54.470087411 	 reno wscale:9,9 rto:265 rtt:64.678/32.339 mss:1448 pmtu:1500 rcvmss:536 advmss:1448 cwnd:10 bytes_sent:13112 bytes_acked:1 segs_out:12 segs_in:1 data_segs_out:10 send 1791026bps lastsnd:28 lastrcv:29 lastack:29 pacing_rate 3582048bps/800000000bps delivered:1 app_limited busy:28ms unacked:10 rcv_space:14480 rcv_ssthresh:42242 notsent:86880 minrtt:64.678 snd_wnd:43440

12:34:54.471983948 State Recv-Q Send-Q Local Address:Port  Peer Address:PortProcess
12:34:54.471983948 ESTAB 0      99992       10.0.0.1:51068     10.0.0.2:5001
12:34:54.471983948 	 reno wscale:9,9 rto:265 rtt:64.678/32.339 mss:1448 pmtu:1500 rcvmss:536 advmss:1448 cwnd:10 bytes_sent:13112 bytes_acked:1 segs_out:12 segs_in:1 data_segs_out:10 send 1791026bps lastsnd:30 lastrcv:31 lastack:31 pacing_rate 3582048bps/800000000bps delivered:1 app_limited busy:30ms unacked:10 rcv_space:14480 rcv_ssthresh:42242 notsent:86880 minrtt:64.678 snd_wnd:43440

12:34:54.474306027 State Recv-Q Send-Q Local Address:Port  Peer Address:PortProcess
12:34:54.474306027 ESTAB 28     114392      10.0.0.1:51068     10.0.0.2:5001
12:34:54.474306027 	 reno wscale:9,9 rto:241 rtt:40.118/15.237 ato:40 mss:1448 pmtu:1500 rcvmss:536 advmss:1448 cwnd:20 bytes_sent:16008 bytes_acked:13113 bytes_received:28 segs_out:15 segs_in:12 data_segs_out:12 data_segs_in:1 send 5774964bps lastsnd:2 lastrcv:1 pacing_rate 11549776bps/800000000bps delivery_rate 3606472bps delivered:11 app_limited busy:32ms unacked:2 rcv_space:14480 rcv_ssthresh:42242 notsent:111496 minrtt:30.624 snd_wnd:52736

12:34:54.476472980 State Recv-Q Send-Q Local Address:Port  Peer Address:PortProcess
12:34:54.476472980 ESTAB 28     114392      10.0.0.1:51068     10.0.0.2:5001
12:34:54.476472980 	 reno wscale:9,9 rto:241 rtt:40.118/15.237 ato:40 mss:1448 pmtu:1500 rcvmss:536 advmss:1448 cwnd:20 bytes_sent:18904 bytes_acked:13113 bytes_received:28 segs_out:17 segs_in:12 data_segs_out:14 data_segs_in:1 send 5774964bps lastsnd:1 lastrcv:3 lastack:2 pacing_rate 11549776bps/800000000bps delivery_rate 3606472bps delivered:11 app_limited busy:34ms unacked:4 rcv_space:14480 rcv_ssthresh:42242 notsent:108600 minrtt:30.624 snd_wnd:52736

12:34:54.478697684 State Recv-Q Send-Q Local Address:Port  Peer Address:PortProcess
12:34:54.478697684 ESTAB 28     114392      10.0.0.1:51068     10.0.0.2:5001
12:34:54.478697684 	 reno wscale:9,9 rto:241 rtt:40.118/15.237 ato:40 mss:1448 pmtu:1500 rcvmss:536 advmss:1448 cwnd:20 bytes_sent:21800 bytes_acked:13113 bytes_received:28 segs_out:19 segs_in:12 data_segs_out:16 data_segs_in:1 send 5774964bps lastsnd:2 lastrcv:6 lastack:5 pacing_rate 11549776bps/800000000bps delivery_rate 3606472bps delivered:11 app_limited busy:37ms unacked:6 rcv_space:14480 rcv_ssthresh:42242 notsent:105704 minrtt:30.624 snd_wnd:52736

12:34:54.480979554 State Recv-Q Send-Q Local Address:Port  Peer Address:PortProcess
12:34:54.480979554 ESTAB 28     114392      10.0.0.1:51068     10.0.0.2:5001
