14:47:38.663159134 State Recv-Q Send-Q Local Address:Port Peer Address:PortProcess

14:47:38.666190925 State Recv-Q Send-Q Local Address:Port Peer Address:PortProcess

14:47:38.668621967 State Recv-Q Send-Q Local Address:Port Peer Address:PortProcess

14:47:38.671165883 State Recv-Q Send-Q Local Address:Port Peer Address:PortProcess

14:47:38.673807966 State Recv-Q Send-Q Local Address:Port Peer Address:PortProcess

14:47:38.676334049 State Recv-Q Send-Q Local Address:Port Peer Address:PortProcess

14:47:38.678826674 State Recv-Q Send-Q Local Address:Port Peer Address:PortProcess

14:47:38.681283465 State Recv-Q Send-Q Local Address:Port Peer Address:PortProcess

14:47:38.683372257 State Recv-Q Send-Q Local Address:Port Peer Address:PortProcess

14:47:38.685532465 State Recv-Q Send-Q Local Address:Port Peer Address:PortProcess

14:47:38.687939923 State Recv-Q Send-Q Local Address:Port Peer Address:PortProcess

14:47:38.690259131 State Recv-Q Send-Q Local Address:Port Peer Address:PortProcess

14:47:38.692506548 State Recv-Q Send-Q Local Address:Port Peer Address:PortProcess

14:47:38.694719673 State Recv-Q Send-Q Local Address:Port Peer Address:PortProcess

14:47:38.697095714 State Recv-Q Send-Q Local Address:Port Peer Address:PortProcess

14:47:38.699406256 State Recv-Q Send-Q Local Address:Port Peer Address:PortProcess

14:47:38.701335089 State Recv-Q Send-Q Local Address:Port Peer Address:PortProcess

14:47:38.703758630 State Recv-Q Send-Q Local Address:Port Peer Address:PortProcess

14:47:38.705785088 State Recv-Q Send-Q Local Address:Port Peer Address:PortProcess

14:47:38.708249213 State Recv-Q Send-Q Local Address:Port Peer Address:PortProcess

14:47:38.710487713 State Recv-Q Send-Q Local Address:Port Peer Address:PortProcess

14:47:38.712767504 State Recv-Q Send-Q Local Address:Port Peer Address:PortProcess

14:47:38.714899504 State Recv-Q Send-Q Local Address:Port Peer Address:PortProcess

14:47:38.717267546 State Recv-Q Send-Q Local Address:Port Peer Address:PortProcess

14:47:38.719882295 State Recv-Q Send-Q Local Address:Port Peer Address:PortProcess

14:47:38.722219795 State Recv-Q Send-Q Local Address:Port Peer Address:PortProcess

14:47:38.724376337 State Recv-Q Send-Q Local Address:Port Peer Address:PortProcess

14:47:38.726459378 State Recv-Q Send-Q Local Address:Port Peer Address:PortProcess

14:47:38.728924628 State Recv-Q Send-Q Local Address:Port Peer Address:PortProcess

14:47:38.731213003 State Recv-Q Send-Q Local Address:Port Peer Address:PortProcess

14:47:38.733542586 State Recv-Q Send-Q Local Address:Port Peer Address:PortProcess

14:47:38.735519627 State Recv-Q Send-Q Local Address:Port Peer Address:PortProcess

14:47:38.737950669 State Recv-Q Send-Q Local Address:Port Peer Address:PortProcess

14:47:38.740299710 State Recv-Q Send-Q Local Address:Port Peer Address:PortProcess

14:47:38.742246210 State Recv-Q Send-Q Local Address:Port Peer Address:PortProcess

14:47:38.744631668 State Recv-Q Send-Q Local Address:Port Peer Address:PortProcess

14:47:38.747745168 State Recv-Q Send-Q Local Address:Port Peer Address:PortProcess

14:47:38.750423126 State Recv-Q Send-Q Local Address:Port Peer Address:PortProcess

14:47:38.753612792 State Recv-Q Send-Q Local Address:Port Peer Address:PortProcess

14:47:38.759318125 State Recv-Q Send-Q Local Address:Port Peer Address:PortProcess

14:47:38.763110500 State Recv-Q Send-Q Local Address:Port Peer Address:PortProcess

14:47:38.765914750 State Recv-Q Send-Q Local Address:Port Peer Address:PortProcess

14:47:38.768777749 State Recv-Q Send-Q Local Address:Port Peer Address:PortProcess

14:47:38.771823166 State Recv-Q Send-Q Local Address:Port Peer Address:PortProcess

14:47:38.774422707 State Recv-Q Send-Q Local Address:Port Peer Address:PortProcess

14:47:38.777947915 State Recv-Q Send-Q Local Address:Port Peer Address:PortProcess

14:47:38.780494790 State Recv-Q Send-Q Local Address:Port Peer Address:PortProcess

14:47:38.782696165 State Recv-Q Send-Q Local Address:Port Peer Address:PortProcess

14:47:38.785123123 State Recv-Q Send-Q Local Address:Port Peer Address:PortProcess

14:47:38.787517206 State Recv-Q Send-Q Local Address:Port Peer Address:PortProcess

14:47:38.790398247 State Recv-Q Send-Q Local Address:Port Peer Address:PortProcess

14:47:38.793167830 State Recv-Q Send-Q Local Address:Port Peer Address:PortProcess

14:47:38.796311997 State Recv-Q Send-Q Local Address:Port Peer Address:PortProcess

14:47:38.798707038 State Recv-Q Send-Q Local Address:Port Peer Address:PortProcess

14:47:38.801269163 State Recv-Q Send-Q Local Address:Port Peer Address:PortProcess

14:47:38.803653080 State Recv-Q Send-Q Local Address:Port Peer Address:PortProcess

14:47:38.805842829 State Recv-Q Send-Q Local Address:Port Peer Address:PortProcess

14:47:38.808070704 State Recv-Q Send-Q Local Address:Port Peer Address:PortProcess

14:47:38.810496329 State Recv-Q Send-Q Local Address:Port Peer Address:PortProcess

14:47:38.813133912 State Recv-Q Send-Q Local Address:Port Peer Address:PortProcess

14:47:38.815471578 State Recv-Q Send-Q Local Address:Port Peer Address:PortProcess

14:47:38.817674578 State Recv-Q Send-Q Local Address:Port Peer Address:PortProcess

14:47:38.820654620 State Recv-Q Send-Q Local Address:Port Peer Address:PortProcess

14:47:38.823305411 State Recv-Q Send-Q Local Address:Port Peer Address:PortProcess

14:47:38.825436994 State Recv-Q Send-Q Local Address:Port Peer Address:PortProcess

14:47:38.827499369 State Recv-Q Send-Q Local Address:Port Peer Address:PortProcess

14:47:38.829867327 State Recv-Q Send-Q Local Address:Port Peer Address:PortProcess

14:47:38.832107785 State Recv-Q Send-Q Local Address:Port Peer Address:PortProcess

14:47:38.834341285 State Recv-Q Send-Q Local Address:Port Peer Address:PortProcess

14:47:38.836718535 State Recv-Q Send-Q Local Address:Port Peer Address:PortProcess

14:47:38.839438910 State Recv-Q Send-Q Local Address:Port Peer Address:PortProcess

14:47:38.841692284 State Recv-Q Send-Q Local Address:Port Peer Address:PortProcess

14:47:38.844325618 State Recv-Q Send-Q Local Address:Port Peer Address:PortProcess

14:47:38.846751576 State Recv-Q Send-Q Local Address:Port Peer Address:PortProcess

14:47:38.848676950 State Recv-Q Send-Q Local Address:Port Peer Address:PortProcess

14:47:38.850918034 State Recv-Q Send-Q Local Address:Port Peer Address:PortProcess

14:47:38.853628408 State Recv-Q Send-Q Local Address:Port Peer Address:PortProcess

14:47:38.856424825 State Recv-Q Send-Q Local Address:Port Peer Address:PortProcess

14:47:38.858418866 State Recv-Q Send-Q Local Address:Port Peer Address:PortProcess

14:47:38.860550199 State Recv-Q Send-Q Local Address:Port Peer Address:PortProcess

14:47:38.862864324 State Recv-Q Send-Q Local Address:Port Peer Address:PortProcess

14:47:38.865286532 State Recv-Q Send-Q Local Address:Port Peer Address:PortProcess

14:47:38.867646490 State Recv-Q Send-Q Local Address:Port Peer Address:PortProcess

14:47:38.869798199 State Recv-Q Send-Q Local Address:Port Peer Address:PortProcess

14:47:38.872588073 State Recv-Q Send-Q Local Address:Port Peer Address:PortProcess

14:47:38.874638865 State Recv-Q Send-Q Local Address:Port Peer Address:PortProcess

14:47:38.876892156 State Recv-Q Send-Q Local Address:Port Peer Address:PortProcess

14:47:38.879803989 State Recv-Q Send-Q Local Address:Port Peer Address:PortProcess

14:47:38.882360364 State Recv-Q Send-Q Local Address:Port Peer Address:PortProcess

14:47:38.884621989 State Recv-Q Send-Q Local Address:Port Peer Address:PortProcess

14:47:38.886369739 State Recv-Q Send-Q Local Address:Port Peer Address:PortProcess

14:47:38.888538947 State Recv-Q Send-Q Local Address:Port Peer Address:PortProcess

14:47:38.890918155 State Recv-Q Send-Q Local Address:Port Peer Address:PortProcess

14:47:38.893553863 State Recv-Q Send-Q Local Address:Port Peer Address:PortProcess

14:47:38.896031321 State Recv-Q Send-Q Local Address:Port Peer Address:PortProcess

14:47:38.898250071 State Recv-Q Send-Q Local Address:Port Peer Address:PortProcess

14:47:38.900537862 State Recv-Q Send-Q Local Address:Port Peer Address:PortProcess

14:47:38.902803862 State Recv-Q Send-Q Local Address:Port Peer Address:PortProcess

14:47:38.905382987 State Recv-Q Send-Q Local Address:Port Peer Address:PortProcess

14:47:38.907681237 State Recv-Q Send-Q Local Address:Port Peer Address:PortProcess

14:47:38.910903195 State Recv-Q Send-Q Local Address:Port Peer Address:PortProcess

14:47:38.913193320 State Recv-Q Send-Q Local Address:Port Peer Address:PortProcess

14:47:38.915703194 State Recv-Q Send-Q Local Address:Port Peer Address:PortProcess

14:47:38.918538153 State Recv-Q Send-Q Local Address:Port Peer Address:PortProcess

14:47:38.920764569 State Recv-Q Send-Q Local Address:Port Peer Address:PortProcess

14:47:38.923573235 State Recv-Q Send-Q Local Address:Port Peer Address:PortProcess

14:47:38.925835777 State Recv-Q Send-Q Local Address:Port Peer Address:PortProcess

14:47:38.928630693 State Recv-Q Send-Q Local Address:Port Peer Address:PortProcess

14:47:38.930866485 State Recv-Q Send-Q Local Address:Port Peer Address:PortProcess

14:47:38.933429818 State Recv-Q Send-Q Local Address:Port Peer Address:PortProcess

14:47:38.936304901 State Recv-Q Send-Q Local Address:Port Peer Address:PortProcess

14:47:38.938867526 State Recv-Q Send-Q Local Address:Port Peer Address:PortProcess

14:47:38.941349275 State Recv-Q Send-Q Local Address:Port Peer Address:PortProcess

14:47:38.943449609 State Recv-Q Send-Q Local Address:Port Peer Address:PortProcess

14:47:38.946657150 State Recv-Q Send-Q Local Address:Port Peer Address:PortProcess

14:47:38.949744150 State Recv-Q Send-Q Local Address:Port Peer Address:PortProcess

14:47:38.951849525 State Recv-Q Send-Q Local Address:Port Peer Address:PortProcess

14:47:38.954341858 State Recv-Q Send-Q Local Address:Port Peer Address:PortProcess

14:47:38.956856566 State Recv-Q Send-Q Local Address:Port Peer Address:PortProcess

14:47:38.959768899 State Recv-Q Send-Q Local Address:Port Peer Address:PortProcess

14:47:38.962341607 State Recv-Q Send-Q Local Address:Port Peer Address:PortProcess

14:47:38.964478398 State Recv-Q Send-Q Local Address:Port Peer Address:PortProcess

14:47:38.966691482 State Recv-Q Send-Q Local Address:Port Peer Address:PortProcess

14:47:38.968893940 State Recv-Q Send-Q Local Address:Port Peer Address:PortProcess

14:47:38.971441398 State Recv-Q Send-Q Local Address:Port Peer Address:PortProcess

14:47:38.974053314 State Recv-Q Send-Q Local Address:Port Peer Address:PortProcess

14:47:38.976437606 State Recv-Q Send-Q Local Address:Port Peer Address:PortProcess

14:47:38.978695855 State Recv-Q Send-Q Local Address:Port Peer Address:PortProcess

14:47:38.980742272 State Recv-Q Send-Q Local Address:Port Peer Address:PortProcess

14:47:38.983034605 State Recv-Q Send-Q Local Address:Port Peer Address:PortProcess

14:47:38.985283688 State Recv-Q Send-Q Local Address:Port Peer Address:PortProcess

14:47:38.988124438 State Recv-Q Send-Q Local Address:Port Peer Address:PortProcess

14:47:38.990692896 State Recv-Q Send-Q Local Address:Port Peer Address:PortProcess

14:47:38.992913229 State Recv-Q Send-Q Local Address:Port Peer Address:PortProcess

14:47:38.996527146 State Recv-Q Send-Q Local Address:Port Peer Address:PortProcess

14:47:38.998828562 State Recv-Q Send-Q Local Address:Port Peer Address:PortProcess

14:47:39.001378478 State Recv-Q Send-Q Local Address:Port Peer Address:PortProcess

14:47:39.003915687 State Recv-Q Send-Q Local Address:Port Peer Address:PortProcess

14:47:39.006846770 State Recv-Q Send-Q Local Address:Port Peer Address:PortProcess

14:47:39.009775436 State Recv-Q Send-Q Local Address:Port Peer Address:PortProcess

14:47:39.013064852 State Recv-Q Send-Q Local Address:Port Peer Address:PortProcess

14:47:39.015360852 State Recv-Q Send-Q Local Address:Port Peer Address:PortProcess

14:47:39.017545019 State Recv-Q Send-Q Local Address:Port Peer Address:PortProcess

14:47:39.019817977 State Recv-Q Send-Q Local Address:Port Peer Address:PortProcess

14:47:39.022641685 State Recv-Q Send-Q Local Address:Port Peer Address:PortProcess

14:47:39.024945935 State Recv-Q Send-Q Local Address:Port Peer Address:PortProcess

14:47:39.027503601 State Recv-Q Send-Q Local Address:Port Peer Address:PortProcess

14:47:39.030182143 State Recv-Q Send-Q Local Address:Port Peer Address:PortProcess

14:47:39.032798059 State Recv-Q Send-Q Local Address:Port Peer Address:PortProcess

14:47:39.034838725 State Recv-Q Send-Q Local Address:Port Peer Address:PortProcess

14:47:39.037843892 State Recv-Q Send-Q Local Address:Port Peer Address:PortProcess

14:47:39.040559267 State Recv-Q Send-Q Local Address:Port Peer Address:PortProcess

14:47:39.042746558 State Recv-Q Send-Q Local Address:Port Peer Address:PortProcess

14:47:39.046369891 State Recv-Q Send-Q Local Address:Port Peer Address:PortProcess

14:47:39.049246183 State Recv-Q Send-Q Local Address:Port Peer Address:PortProcess

14:47:39.051534682 State Recv-Q Send-Q Local Address:Port Peer Address:PortProcess

14:47:39.053930307 State Recv-Q Send-Q Local Address:Port Peer Address:PortProcess

14:47:39.056252682 State Recv-Q Send-Q Local Address:Port Peer Address:PortProcess

14:47:39.058407015 State Recv-Q Send-Q Local Address:Port Peer Address:PortProcess

14:47:39.061513181 State Recv-Q Send-Q Local Address:Port Peer Address:PortProcess

14:47:39.063660890 State Recv-Q Send-Q Local Address:Port Peer Address:PortProcess

14:47:39.066109598 State Recv-Q Send-Q Local Address:Port Peer Address:PortProcess

14:47:39.068895847 State Recv-Q Send-Q Local Address:Port Peer Address:PortProcess

14:47:39.071549764 State Recv-Q Send-Q Local Address:Port Peer Address:PortProcess

14:47:39.073893764 State Recv-Q Send-Q Local Address:Port Peer Address:PortProcess

14:47:39.076757305 State Recv-Q Send-Q Local Address:Port Peer Address:PortProcess

14:47:39.080409721 State Recv-Q Send-Q Local Address:Port Peer Address:PortProcess

14:47:39.082719680 State Recv-Q Send-Q Local Address:Port Peer Address:PortProcess

14:47:39.085085096 State Recv-Q Send-Q Local Address:Port Peer Address:PortProcess

14:47:39.087938346 State Recv-Q Send-Q Local Address:Port Peer Address:PortProcess

14:47:39.090768762 State Recv-Q Send-Q Local Address:Port Peer Address:PortProcess

14:47:39.093412470 State Recv-Q Send-Q Local Address:Port Peer Address:PortProcess

14:47:39.095888137 State Recv-Q Send-Q Local Address:Port Peer Address:PortProcess

14:47:39.098289053 State Recv-Q Send-Q Local Address:Port Peer Address:PortProcess

14:47:39.100839386 State Recv-Q Send-Q Local Address:Port Peer Address:PortProcess

14:47:39.103764469 State Recv-Q Send-Q Local Address:Port Peer Address:PortProcess

14:47:39.105863011 State Recv-Q Send-Q Local Address:Port Peer Address:PortProcess

14:47:39.108542386 State Recv-Q Send-Q Local Address:Port Peer Address:PortProcess

14:47:39.111443427 State Recv-Q Send-Q Local Address:Port Peer Address:PortProcess

14:47:39.113940260 State Recv-Q Send-Q Local Address:Port Peer Address:PortProcess

14:47:39.116806927 State Recv-Q Send-Q Local Address:Port Peer Address:PortProcess

14:47:39.119826135 State Recv-Q Send-Q Local Address:Port Peer Address:PortProcess

14:47:39.122554009 State Recv-Q Send-Q Local Address:Port Peer Address:PortProcess

14:47:39.124730468 State Recv-Q Send-Q Local Address:Port Peer Address:PortProcess

14:47:39.127684509 State Recv-Q Send-Q Local Address:Port Peer Address:PortProcess

14:47:39.130210175 State Recv-Q Send-Q Local Address:Port Peer Address:PortProcess

14:47:39.132953217 State Recv-Q Send-Q Local Address:Port Peer Address:PortProcess

14:47:39.135513300 State Recv-Q Send-Q Local Address:Port Peer Address:PortProcess

14:47:39.137881341 State Recv-Q Send-Q Local Address:Port Peer Address:PortProcess

14:47:39.140130049 State Recv-Q Send-Q Local Address:Port Peer Address:PortProcess

14:47:39.142415716 State Recv-Q Send-Q Local Address:Port Peer Address:PortProcess

14:47:39.144889466 State Recv-Q Send-Q Local Address:Port Peer Address:PortProcess

14:47:39.147228632 State Recv-Q Send-Q Local Address:Port Peer Address:PortProcess

14:47:39.149216215 State Recv-Q Send-Q Local Address:Port Peer Address:PortProcess

14:47:39.151538215 State Recv-Q Send-Q Local Address:Port Peer Address:PortProcess

14:47:39.153708090 State Recv-Q Send-Q Local Address:Port Peer Address:PortProcess

14:47:39.156079173 State Recv-Q Send-Q Local Address:Port Peer Address:PortProcess

14:47:39.158601881 State Recv-Q Send-Q Local Address:Port Peer Address:PortProcess

14:47:39.161290839 State Recv-Q Send-Q Local Address:Port Peer Address:PortProcess

14:47:39.163773256 State Recv-Q Send-Q Local Address:Port Peer Address:PortProcess

14:47:39.166404755 State    Recv-Q Send-Q Local Address:Port  Peer Address:PortProcess
14:47:39.166404755 SYN-SENT 0      1           10.0.0.1:46472     10.0.0.2:5001
14:47:39.166404755 	 reno rto:1000 mss:524 pmtu:1500 rcvmss:88 advmss:1460 cwnd:10 segs_out:1 lastsnd:1537306 lastrcv:1537306 lastack:1537306 pacing_rate 400000000bps/400000000bps app_limited unacked:1 rcv_ssthresh:42340

14:47:39.168673047 State    Recv-Q Send-Q Local Address:Port  Peer Address:PortProcess
14:47:39.168673047 SYN-SENT 0      1           10.0.0.1:46472     10.0.0.2:5001
14:47:39.168673047 	 reno rto:1000 mss:524 pmtu:1500 rcvmss:88 advmss:1460 cwnd:10 segs_out:1 lastsnd:1537308 lastrcv:1537308 lastack:1537308 pacing_rate 400000000bps/400000000bps app_limited unacked:1 rcv_ssthresh:42340

14:47:39.170890755 State    Recv-Q Send-Q Local Address:Port  Peer Address:PortProcess
14:47:39.170890755 SYN-SENT 0      1           10.0.0.1:46472     10.0.0.2:5001
14:47:39.170890755 	 reno rto:1000 mss:524 pmtu:1500 rcvmss:88 advmss:1460 cwnd:10 segs_out:1 lastsnd:1537310 lastrcv:1537310 lastack:1537310 pacing_rate 400000000bps/400000000bps app_limited unacked:1 rcv_ssthresh:42340

14:47:39.173202797 State    Recv-Q Send-Q Local Address:Port  Peer Address:PortProcess
14:47:39.173202797 SYN-SENT 0      1           10.0.0.1:46472     10.0.0.2:5001
14:47:39.173202797 	 reno rto:1000 mss:524 pmtu:1500 rcvmss:88 advmss:1460 cwnd:10 segs_out:1 lastsnd:1537313 lastrcv:1537313 lastack:1537313 pacing_rate 400000000bps/400000000bps app_limited unacked:1 rcv_ssthresh:42340

14:47:39.175634588 State    Recv-Q Send-Q Local Address:Port  Peer Address:PortProcess
14:47:39.175634588 SYN-SENT 0      1           10.0.0.1:46472     10.0.0.2:5001
14:47:39.175634588 	 reno rto:1000 mss:524 pmtu:1500 rcvmss:88 advmss:1460 cwnd:10 segs_out:1 lastsnd:1537315 lastrcv:1537315 lastack:1537315 pacing_rate 400000000bps/400000000bps app_limited unacked:1 rcv_ssthresh:42340

14:47:39.178273754 State    Recv-Q Send-Q Local Address:Port  Peer Address:PortProcess
14:47:39.178273754 SYN-SENT 0      1           10.0.0.1:46472     10.0.0.2:5001
14:47:39.178273754 	 reno rto:1000 mss:524 pmtu:1500 rcvmss:88 advmss:1460 cwnd:10 segs_out:1 lastsnd:1537318 lastrcv:1537318 lastack:1537318 pacing_rate 400000000bps/400000000bps app_limited unacked:1 rcv_ssthresh:42340

14:47:39.181404921 State    Recv-Q Send-Q Local Address:Port  Peer Address:PortProcess
14:47:39.181404921 SYN-SENT 0      1           10.0.0.1:46472     10.0.0.2:5001
14:47:39.181404921 	 reno rto:1000 mss:524 pmtu:1500 rcvmss:88 advmss:1460 cwnd:10 segs_out:1 lastsnd:1537321 lastrcv:1537321 lastack:1537321 pacing_rate 400000000bps/400000000bps app_limited unacked:1 rcv_ssthresh:42340

14:47:39.183876171 State    Recv-Q Send-Q Local Address:Port  Peer Address:PortProcess
14:47:39.183876171 SYN-SENT 0      1           10.0.0.1:46472     10.0.0.2:5001
14:47:39.183876171 	 reno rto:1000 mss:524 pmtu:1500 rcvmss:88 advmss:1460 cwnd:10 segs_out:1 lastsnd:1537324 lastrcv:1537324 lastack:1537324 pacing_rate 400000000bps/400000000bps app_limited unacked:1 rcv_ssthresh:42340

14:47:39.186460629 State    Recv-Q Send-Q Local Address:Port  Peer Address:PortProcess
14:47:39.186460629 SYN-SENT 0      1           10.0.0.1:46472     10.0.0.2:5001
14:47:39.186460629 	 reno rto:1000 mss:524 pmtu:1500 rcvmss:88 advmss:1460 cwnd:10 segs_out:1 lastsnd:1537326 lastrcv:1537326 lastack:1537326 pacing_rate 400000000bps/400000000bps app_limited unacked:1 rcv_ssthresh:42340

14:47:39.188904628 State    Recv-Q Send-Q Local Address:Port  Peer Address:PortProcess
14:47:39.188904628 SYN-SENT 0      1           10.0.0.1:46472     10.0.0.2:5001
14:47:39.188904628 	 reno rto:1000 mss:524 pmtu:1500 rcvmss:88 advmss:1460 cwnd:10 segs_out:1 lastsnd:1537329 lastrcv:1537329 lastack:1537329 pacing_rate 400000000bps/400000000bps app_limited unacked:1 rcv_ssthresh:42340

14:47:39.191759712 State    Recv-Q Send-Q Local Address:Port  Peer Address:PortProcess
14:47:39.191759712 SYN-SENT 0      1           10.0.0.1:46472     10.0.0.2:5001
14:47:39.191759712 	 reno rto:1000 mss:524 pmtu:1500 rcvmss:88 advmss:1460 cwnd:10 segs_out:1 lastsnd:1537331 lastrcv:1537331 lastack:1537331 pacing_rate 400000000bps/400000000bps app_limited unacked:1 rcv_ssthresh:42340

14:47:39.193939378 State    Recv-Q Send-Q Local Address:Port  Peer Address:PortProcess
14:47:39.193939378 SYN-SENT 0      1           10.0.0.1:46472     10.0.0.2:5001
14:47:39.193939378 	 reno rto:1000 mss:524 pmtu:1500 rcvmss:88 advmss:1460 cwnd:10 segs_out:1 lastsnd:1537334 lastrcv:1537334 lastack:1537334 pacing_rate 400000000bps/400000000bps app_limited unacked:1 rcv_ssthresh:42340

14:47:39.196630711 State    Recv-Q Send-Q Local Address:Port  Peer Address:PortProcess
14:47:39.196630711 SYN-SENT 0      1           10.0.0.1:46472     10.0.0.2:5001
14:47:39.196630711 	 reno rto:1000 mss:524 pmtu:1500 rcvmss:88 advmss:1460 cwnd:10 segs_out:1 lastsnd:1537336 lastrcv:1537336 lastack:1537336 pacing_rate 400000000bps/400000000bps app_limited unacked:1 rcv_ssthresh:42340

14:47:39.199307294 State    Recv-Q Send-Q Local Address:Port  Peer Address:PortProcess
14:47:39.199307294 SYN-SENT 0      1           10.0.0.1:46472     10.0.0.2:5001
14:47:39.199307294 	 reno rto:1000 mss:524 pmtu:1500 rcvmss:88 advmss:1460 cwnd:10 segs_out:1 lastsnd:1537339 lastrcv:1537339 lastack:1537339 pacing_rate 400000000bps/400000000bps app_limited unacked:1 rcv_ssthresh:42340

14:47:39.201297544 State    Recv-Q Send-Q Local Address:Port  Peer Address:PortProcess
14:47:39.201297544 SYN-SENT 0      1           10.0.0.1:46472     10.0.0.2:5001
14:47:39.201297544 	 reno rto:1000 mss:524 pmtu:1500 rcvmss:88 advmss:1460 cwnd:10 segs_out:1 lastsnd:1537341 lastrcv:1537341 lastack:1537341 pacing_rate 400000000bps/400000000bps app_limited unacked:1 rcv_ssthresh:42340

14:47:39.203690919 State    Recv-Q Send-Q Local Address:Port  Peer Address:PortProcess
14:47:39.203690919 SYN-SENT 0      1           10.0.0.1:46472     10.0.0.2:5001
14:47:39.203690919 	 reno rto:1000 mss:524 pmtu:1500 rcvmss:88 advmss:1460 cwnd:10 segs_out:1 lastsnd:1537343 lastrcv:1537343 lastack:1537343 pacing_rate 400000000bps/400000000bps app_limited unacked:1 rcv_ssthresh:42340

14:47:39.205869835 State    Recv-Q Send-Q Local Address:Port  Peer Address:PortProcess
14:47:39.205869835 SYN-SENT 0      1           10.0.0.1:46472     10.0.0.2:5001
14:47:39.205869835 	 reno rto:1000 mss:524 pmtu:1500 rcvmss:88 advmss:1460 cwnd:10 segs_out:1 lastsnd:1537346 lastrcv:1537346 lastack:1537346 pacing_rate 400000000bps/400000000bps app_limited unacked:1 rcv_ssthresh:42340

14:47:39.208392835 State    Recv-Q Send-Q Local Address:Port  Peer Address:PortProcess
14:47:39.208392835 SYN-SENT 0      1           10.0.0.1:46472     10.0.0.2:5001
14:47:39.208392835 	 reno rto:1000 mss:524 pmtu:1500 rcvmss:88 advmss:1460 cwnd:10 segs_out:1 lastsnd:1537348 lastrcv:1537348 lastack:1537348 pacing_rate 400000000bps/400000000bps app_limited unacked:1 rcv_ssthresh:42340

14:47:39.211528418 State    Recv-Q Send-Q Local Address:Port  Peer Address:PortProcess
14:47:39.211528418 SYN-SENT 0      1           10.0.0.1:46472     10.0.0.2:5001
14:47:39.211528418 	 reno rto:1000 mss:524 pmtu:1500 rcvmss:88 advmss:1460 cwnd:10 segs_out:1 lastsnd:1537351 lastrcv:1537351 lastack:1537351 pacing_rate 400000000bps/400000000bps app_limited unacked:1 rcv_ssthresh:42340

14:47:39.214379543 State    Recv-Q Send-Q Local Address:Port  Peer Address:PortProcess
14:47:39.214379543 SYN-SENT 0      1           10.0.0.1:46472     10.0.0.2:5001
14:47:39.214379543 	 reno rto:1000 mss:524 pmtu:1500 rcvmss:88 advmss:1460 cwnd:10 segs_out:1 lastsnd:1537354 lastrcv:1537354 lastack:1537354 pacing_rate 400000000bps/400000000bps app_limited unacked:1 rcv_ssthresh:42340

14:47:39.216742751 State    Recv-Q Send-Q Local Address:Port  Peer Address:PortProcess
14:47:39.216742751 SYN-SENT 0      1           10.0.0.1:46472     10.0.0.2:5001
14:47:39.216742751 	 reno rto:1000 mss:524 pmtu:1500 rcvmss:88 advmss:1460 cwnd:10 segs_out:1 lastsnd:1537356 lastrcv:1537356 lastack:1537356 pacing_rate 400000000bps/400000000bps app_limited unacked:1 rcv_ssthresh:42340

14:47:39.219319584 State    Recv-Q Send-Q Local Address:Port  Peer Address:PortProcess
14:47:39.219319584 SYN-SENT 0      1           10.0.0.1:46472     10.0.0.2:5001
14:47:39.219319584 	 reno rto:1000 mss:524 pmtu:1500 rcvmss:88 advmss:1460 cwnd:10 segs_out:1 lastsnd:1537359 lastrcv:1537359 lastack:1537359 pacing_rate 400000000bps/400000000bps app_limited unacked:1 rcv_ssthresh:42340

14:47:39.221639709 State    Recv-Q Send-Q Local Address:Port  Peer Address:PortProcess
14:47:39.221639709 SYN-SENT 0      1           10.0.0.1:46472     10.0.0.2:5001
14:47:39.221639709 	 reno rto:1000 mss:524 pmtu:1500 rcvmss:88 advmss:1460 cwnd:10 segs_out:1 lastsnd:1537361 lastrcv:1537361 lastack:1537361 pacing_rate 400000000bps/400000000bps app_limited unacked:1 rcv_ssthresh:42340

14:47:39.224157167 State    Recv-Q Send-Q Local Address:Port  Peer Address:PortProcess
14:47:39.224157167 SYN-SENT 0      1           10.0.0.1:46472     10.0.0.2:5001
14:47:39.224157167 	 reno rto:1000 mss:524 pmtu:1500 rcvmss:88 advmss:1460 cwnd:10 segs_out:1 lastsnd:1537364 lastrcv:1537364 lastack:1537364 pacing_rate 400000000bps/400000000bps app_limited unacked:1 rcv_ssthresh:42340

14:47:39.226602042 State    Recv-Q Send-Q Local Address:Port  Peer Address:PortProcess
14:47:39.226602042 SYN-SENT 0      1           10.0.0.1:46472     10.0.0.2:5001
14:47:39.226602042 	 reno rto:1000 mss:524 pmtu:1500 rcvmss:88 advmss:1460 cwnd:10 segs_out:1 lastsnd:1537366 lastrcv:1537366 lastack:1537366 pacing_rate 400000000bps/400000000bps app_limited unacked:1 rcv_ssthresh:42340

14:47:39.228791875 State    Recv-Q Send-Q Local Address:Port  Peer Address:PortProcess
14:47:39.228791875 SYN-SENT 0      1           10.0.0.1:46472     10.0.0.2:5001
14:47:39.228791875 	 reno rto:1000 mss:524 pmtu:1500 rcvmss:88 advmss:1460 cwnd:10 segs_out:1 lastsnd:1537368 lastrcv:1537368 lastack:1537368 pacing_rate 400000000bps/400000000bps app_limited unacked:1 rcv_ssthresh:42340

14:47:39.231376416 State Recv-Q Send-Q Local Address:Port  Peer Address:PortProcess
14:47:39.231376416 ESTAB 0      99992       10.0.0.1:46472     10.0.0.2:5001
14:47:39.231376416 	 reno wscale:9,9 rto:265 rtt:64.682/32.341 mss:1448 pmtu:1500 rcvmss:536 advmss:1448 cwnd:10 bytes_sent:13112 bytes_acked:1 segs_out:12 segs_in:1 data_segs_out:10 send 1790916bps lastsnd:2 lastrcv:2 lastack:2 pacing_rate 1297408bps/400000000bps delivered:1 app_limited busy:2ms unacked:10 rcv_space:14480 rcv_ssthresh:42242 notsent:86880 minrtt:64.682 snd_wnd:43440

14:47:39.233741416 State Recv-Q Send-Q Local Address:Port  Peer Address:PortProcess
14:47:39.233741416 ESTAB 0      99992       10.0.0.1:46472     10.0.0.2:5001
14:47:39.233741416 	 reno wscale:9,9 rto:265 rtt:64.682/32.341 mss:1448 pmtu:1500 rcvmss:536 advmss:1448 cwnd:10 bytes_sent:13112 bytes_acked:1 segs_out:12 segs_in:1 data_segs_out:10 send 1790916bps lastsnd:4 lastrcv:4 lastack:4 pacing_rate 1297408bps/400000000bps delivered:1 app_limited busy:4ms unacked:10 rcv_space:14480 rcv_ssthresh:42242 notsent:86880 minrtt:64.682 snd_wnd:43440

14:47:39.235691416 State Recv-Q Send-Q Local Address:Port  Peer Address:PortProcess
14:47:39.235691416 ESTAB 0      99992       10.0.0.1:46472     10.0.0.2:5001
14:47:39.235691416 	 reno wscale:9,9 rto:265 rtt:64.682/32.341 mss:1448 pmtu:1500 rcvmss:536 advmss:1448 cwnd:10 bytes_sent:13112 bytes_acked:1 segs_out:12 segs_in:1 data_segs_out:10 send 1790916bps lastsnd:6 lastrcv:6 lastack:6 pacing_rate 1297408bps/400000000bps delivered:1 app_limited busy:6ms unacked:10 rcv_space:14480 rcv_ssthresh:42242 notsent:86880 minrtt:64.682 snd_wnd:43440

14:47:39.238305624 State Recv-Q Send-Q Local Address:Port  Peer Address:PortProcess
14:47:39.238305624 ESTAB 0      99992       10.0.0.1:46472     10.0.0.2:5001
14:47:39.238305624 	 reno wscale:9,9 rto:265 rtt:64.682/32.341 mss:1448 pmtu:1500 rcvmss:536 advmss:1448 cwnd:10 bytes_sent:13112 bytes_acked:1 segs_out:12 segs_in:1 data_segs_out:10 send 1790916bps lastsnd:9 lastrcv:9 lastack:9 pacing_rate 1297408bps/400000000bps delivered:1 app_limited busy:9ms unacked:10 rcv_space:14480 rcv_ssthresh:42242 notsent:86880 minrtt:64.682 snd_wnd:43440

14:47:39.240619041 State Recv-Q Send-Q Local Address:Port  Peer Address:PortProcess
14:47:39.240619041 ESTAB 0      99992       10.0.0.1:46472     10.0.0.2:5001
14:47:39.240619041 	 reno wscale:9,9 rto:265 rtt:64.682/32.341 mss:1448 pmtu:1500 rcvmss:536 advmss:1448 cwnd:10 bytes_sent:13112 bytes_acked:1 segs_out:12 segs_in:1 data_segs_out:10 send 1790916bps lastsnd:11 lastrcv:11 lastack:11 pacing_rate 1297408bps/400000000bps delivered:1 app_limited busy:11ms unacked:10 rcv_space:14480 rcv_ssthresh:42242 notsent:86880 minrtt:64.682 snd_wnd:43440

14:47:39.243331957 State Recv-Q Send-Q Local Address:Port  Peer Address:PortProcess
14:47:39.243331957 ESTAB 0      99992       10.0.0.1:46472     10.0.0.2:5001
14:47:39.243331957 	 reno wscale:9,9 rto:265 rtt:64.682/32.341 mss:1448 pmtu:1500 rcvmss:536 advmss:1448 cwnd:10 bytes_sent:13112 bytes_acked:1 segs_out:12 segs_in:1 data_segs_out:10 send 1790916bps lastsnd:14 lastrcv:14 lastack:14 pacing_rate 1297408bps/400000000bps delivered:1 app_limited busy:14ms unacked:10 rcv_space:14480 rcv_ssthresh:42242 notsent:86880 minrtt:64.682 snd_wnd:43440

14:47:39.245426998 State Recv-Q Send-Q Local Address:Port  Peer Address:PortProcess
14:47:39.245426998 ESTAB 0      99992       10.0.0.1:46472     10.0.0.2:5001
14:47:39.245426998 	 reno wscale:9,9 rto:265 rtt:64.682/32.341 mss:1448 pmtu:1500 rcvmss:536 advmss:1448 cwnd:10 bytes_sent:13112 bytes_acked:1 segs_out:12 segs_in:1 data_segs_out:10 send 1790916bps lastsnd:16 lastrcv:16 lastack:16 pacing_rate 1297408bps/400000000bps delivered:1 app_limited busy:16ms unacked:10 rcv_space:14480 rcv_ssthresh:42242 notsent:86880 minrtt:64.682 snd_wnd:43440

14:47:39.247923290 State Recv-Q Send-Q Local Address:Port  Peer Address:PortProcess
14:47:39.247923290 ESTAB 0      99992       10.0.0.1:46472     10.0.0.2:5001
14:47:39.247923290 	 reno wscale:9,9 rto:265 rtt:64.682/32.341 mss:1448 pmtu:1500 rcvmss:536 advmss:1448 cwnd:10 bytes_sent:13112 bytes_acked:1 segs_out:12 segs_in:1 data_segs_out:10 send 1790916bps lastsnd:19 lastrcv:19 lastack:19 pacing_rate 1297408bps/400000000bps delivered:1 app_limited busy:19ms unacked:10 rcv_space:14480 rcv_ssthresh:42242 notsent:86880 minrtt:64.682 snd_wnd:43440

14:47:39.250746081 State Recv-Q Send-Q Local Address:Port  Peer Address:PortProcess
14:47:39.250746081 ESTAB 0      99992       10.0.0.1:46472     10.0.0.2:5001
14:47:39.250746081 	 reno wscale:9,9 rto:265 rtt:64.682/32.341 mss:1448 pmtu:1500 rcvmss:536 advmss:1448 cwnd:10 bytes_sent:13112 bytes_acked:1 segs_out:12 segs_in:1 data_segs_out:10 send 1790916bps lastsnd:21 lastrcv:21 lastack:21 pacing_rate 1297408bps/400000000bps delivered:1 app_limited busy:21ms unacked:10 rcv_space:14480 rcv_ssthresh:42242 notsent:86880 minrtt:64.682 snd_wnd:43440

14:47:39.253511123 State Recv-Q Send-Q Local Address:Port  Peer Address:PortProcess
14:47:39.253511123 ESTAB 0      99992       10.0.0.1:46472     10.0.0.2:5001
14:47:39.253511123 	 reno wscale:9,9 rto:265 rtt:64.682/32.341 mss:1448 pmtu:1500 rcvmss:536 advmss:1448 cwnd:10 bytes_sent:13112 bytes_acked:1 segs_out:12 segs_in:1 data_segs_out:10 send 1790916bps lastsnd:24 lastrcv:24 lastack:24 pacing_rate 1297408bps/400000000bps delivered:1 app_limited busy:24ms unacked:10 rcv_space:14480 rcv_ssthresh:42242 notsent:86880 minrtt:64.682 snd_wnd:43440

14:47:39.256036539 State Recv-Q Send-Q Local Address:Port  Peer Address:PortProcess
14:47:39.256036539 ESTAB 0      99992       10.0.0.1:46472     10.0.0.2:5001
14:47:39.256036539 	 reno wscale:9,9 rto:265 rtt:64.682/32.341 mss:1448 pmtu:1500 rcvmss:536 advmss:1448 cwnd:10 bytes_sent:13112 bytes_acked:1 segs_out:12 segs_in:1 data_segs_out:10 send 1790916bps lastsnd:27 lastrcv:27 lastack:27 pacing_rate 1297408bps/400000000bps delivered:1 app_limited busy:27ms unacked:10 rcv_space:14480 rcv_ssthresh:42242 notsent:86880 minrtt:64.682 snd_wnd:43440

14:47:39.258618789 State Recv-Q Send-Q Local Address:Port  Peer Address:PortProcess
14:47:39.258618789 ESTAB 0      99992       10.0.0.1:46472     10.0.0.2:5001
14:47:39.258618789 	 reno wscale:9,9 rto:265 rtt:64.682/32.341 mss:1448 pmtu:1500 rcvmss:536 advmss:1448 cwnd:10 bytes_sent:13112 bytes_acked:1 segs_out:12 segs_in:1 data_segs_out:10 send 1790916bps lastsnd:29 lastrcv:29 lastack:29 pacing_rate 1297408bps/400000000bps delivered:1 app_limited busy:29ms unacked:10 rcv_space:14480 rcv_ssthresh:42242 notsent:86880 minrtt:64.682 snd_wnd:43440

14:47:39.260803330 State Recv-Q Send-Q Local Address:Port  Peer Address:PortProcess
14:47:39.260803330 ESTAB 0      99992       10.0.0.1:46472     10.0.0.2:5001
14:47:39.260803330 	 reno wscale:9,9 rto:265 rtt:64.682/32.341 mss:1448 pmtu:1500 rcvmss:536 advmss:1448 cwnd:10 bytes_sent:13112 bytes_acked:1 segs_out:12 segs_in:1 data_segs_out:10 send 1790916bps lastsnd:31 lastrcv:31 lastack:31 pacing_rate 1297408bps/400000000bps delivered:1 app_limited busy:31ms unacked:10 rcv_space:14480 rcv_ssthresh:42242 notsent:86880 minrtt:64.682 snd_wnd:43440

14:47:39.263367289 State Recv-Q Send-Q Local Address:Port  Peer Address:PortProcess
14:47:39.263367289 ESTAB 28     143352      10.0.0.1:46472     10.0.0.2:5001
14:47:39.263367289 	 reno wscale:9,9 rto:241 rtt:40.422/15.127 ato:40 mss:1448 pmtu:1500 rcvmss:536 advmss:1448 cwnd:20 bytes_sent:16008 bytes_acked:13113 bytes_received:28 segs_out:15 segs_in:12 data_segs_out:12 data_segs_in:1 send 5731532bps lastsnd:2 lastrcv:2 lastack:1 pacing_rate 4065984bps/400000000bps delivery_rate 3574864bps delivered:11 app_limited busy:34ms unacked:2 rcv_space:14480 rcv_ssthresh:42242 notsent:140456 minrtt:31.302 snd_wnd:53248

14:47:39.265714497 State Recv-Q Send-Q Local Address:Port  Peer Address:PortProcess
14:47:39.265714497 ESTAB 28     143352      10.0.0.1:46472     10.0.0.2:5001
14:47:39.265714497 	 reno wscale:9,9 rto:241 rtt:40.422/15.127 ato:40 mss:1448 pmtu:1500 rcvmss:536 advmss:1448 cwnd:20 bytes_sent:16008 bytes_acked:13113 bytes_received:28 segs_out:15 segs_in:12 data_segs_out:12 data_segs_in:1 send 5731532bps lastsnd:4 lastrcv:4 lastack:3 pacing_rate 4065984bps/400000000bps delivery_rate 3574864bps delivered:11 app_limited busy:36ms unacked:2 rcv_space:14480 rcv_ssthresh:42242 notsent:140456 minrtt:31.302 snd_wnd:53248

14:47:39.268404830 State Recv-Q Send-Q Local Address:Port  Peer Address:PortProcess
14:47:39.268404830 ESTAB 28     143352      10.0.0.1:46472     10.0.0.2:5001
14:47:39.268404830 	 reno wscale:9,9 rto:241 rtt:40.422/15.127 ato:40 mss:1448 pmtu:1500 rcvmss:536 advmss:1448 cwnd:20 bytes_sent:16008 bytes_acked:13113 bytes_received:28 segs_out:15 segs_in:12 data_segs_out:12 data_segs_in:1 send 5731532bps lastsnd:7 lastrcv:7 lastack:6 pacing_rate 4065984bps/400000000bps delivery_rate 3574864bps delivered:11 app_limited busy:39ms unacked:2 rcv_space:14480 rcv_ssthresh:42242 notsent:140456 minrtt:31.302 snd_wnd:53248

14:47:39.270558371 State Recv-Q Send-Q Local Address:Port  Peer Address:PortProcess
14:47:39.270558371 ESTAB 28     143352      10.0.0.1:46472     10.0.0.2:5001
14:47:39.270558371 	 reno wscale:9,9 rto:241 rtt:40.422/15.127 ato:40 mss:1448 pmtu:1500 rcvmss:536 advmss:1448 cwnd:20 bytes_sent:18904 bytes_acked:13113 bytes_received:28 segs_out:17 segs_in:12 data_segs_out:14 data_segs_in:1 send 5731532bps lastsnd:2 lastrcv:9 lastack:8 pacing_rate 4065984bps/400000000bps delivery_rate 3574864bps delivered:11 app_limited busy:41ms unacked:4 rcv_space:14480 rcv_ssthresh:42242 notsent:137560 minrtt:31.302 snd_wnd:53248

14:47:39.273256663 State Recv-Q Send-Q Local Address:Port  Peer Address:PortProcess
14:47:39.273256663 ESTAB 28     143352      10.0.0.1:46472     10.0.0.2:5001
14:47:39.273256663 	 reno wscale:9,9 rto:241 rtt:40.422/15.127 ato:40 mss:1448 pmtu:1500 rcvmss:536 advmss:1448 cwnd:20 bytes_sent:18904 bytes_acked:13113 bytes_received:28 segs_out:17 segs_in:12 data_segs_out:14 data_segs_in:1 send 5731532bps lastsnd:5 lastrcv:12 lastack:11 pacing_rate 4065984bps/400000000bps delivery_rate 3574864bps delivered:11 app_limited busy:44ms unacked:4 rcv_space:14480 rcv_ssthresh:42242 notsent:137560 minrtt:31.302 snd_wnd:53248

14:47:39.275738412 State Recv-Q Send-Q Local Address:Port  Peer Address:PortProcess
14:47:39.275738412 ESTAB 28     143352      10.0.0.1:46472     10.0.0.2:5001
14:47:39.275738412 	 reno wscale:9,9 rto:241 rtt:40.422/15.127 ato:40 mss:1448 pmtu:1500 rcvmss:536 advmss:1448 cwnd:20 bytes_sent:21800 bytes_acked:13113 bytes_received:28 segs_out:19 segs_in:12 data_segs_out:16 data_segs_in:1 send 5731532bps lastsnd:2 lastrcv:15 lastack:14 pacing_rate 4065984bps/400000000bps delivery_rate 3574864bps delivered:11 app_limited busy:47ms unacked:6 rcv_space:14480 rcv_ssthresh:42242 notsent:134664 minrtt:31.302 snd_wnd:53248

14:47:39.278734579 State Recv-Q Send-Q Local Address:Port  Peer Address:PortProcess
14:47:39.278734579 ESTAB 28     143352      10.0.0.1:46472     10.0.0.2:5001
14:47:39.278734579 	 reno wscale:9,9 rto:241 rtt:40.422/15.127 ato:40 mss:1448 pmtu:1500 rcvmss:536 advmss:1448 cwnd:20 bytes_sent:21800 bytes_acked:13113 bytes_received:28 segs_out:19 segs_in:12 data_segs_out:16 data_segs_in:1 send 5731532bps lastsnd:4 lastrcv:17 lastack:16 pacing_rate 4065984bps/400000000bps delivery_rate 3574864bps delivered:11 app_limited busy:49ms unacked:6 rcv_space:14480 rcv_ssthresh:42242 notsent:134664 minrtt:31.302 snd_wnd:53248

14:47:39.281048245 State Recv-Q Send-Q Local Address:Port  Peer Address:PortProcess
14:47:39.281048245 ESTAB 28     143352      10.0.0.1:46472     10.0.0.2:5001
14:47:39.281048245 	 reno wscale:9,9 rto:241 rtt:40.422/15.127 ato:40 mss:1448 pmtu:1500 rcvmss:536 advmss:1448 cwnd:20 bytes_sent:24696 bytes_acked:13113 bytes_received:28 segs_out:21 segs_in:12 data_segs_out:18 data_segs_in:1 send 5731532bps lastrcv:19 lastack:18 pacing_rate 4065984bps/400000000bps delivery_rate 3574864bps delivered:11 app_limited busy:51ms unacked:8 rcv_space:14480 rcv_ssthresh:42242 notsent:131768 minrtt:31.302 snd_wnd:53248

14:47:39.283289287 State Recv-Q Send-Q Local Address:Port  Peer Address:PortProcess
14:47:39.283289287 ESTAB 28     143352      10.0.0.1:46472     10.0.0.2:5001
14:47:39.283289287 	 reno wscale:9,9 rto:241 rtt:40.422/15.127 ato:40 mss:1448 pmtu:1500 rcvmss:536 advmss:1448 cwnd:20 bytes_sent:24696 bytes_acked:13113 bytes_received:28 segs_out:21 segs_in:12 data_segs_out:18 data_segs_in:1 send 5731532bps lastsnd:3 lastrcv:22 lastack:21 pacing_rate 4065984bps/400000000bps delivery_rate 3574864bps delivered:11 app_limited busy:54ms unacked:8 rcv_space:14480 rcv_ssthresh:42242 notsent:131768 minrtt:31.302 snd_wnd:53248

14:47:39.285773745 State Recv-Q Send-Q Local Address:Port  Peer Address:PortProcess
14:47:39.285773745 ESTAB 28     143352      10.0.0.1:46472     10.0.0.2:5001
