14:43:42.433190878 State Recv-Q Send-Q Local Address:Port Peer Address:PortProcess

14:43:42.436149001 State Recv-Q Send-Q Local Address:Port Peer Address:PortProcess

14:43:42.438555625 State Recv-Q Send-Q Local Address:Port Peer Address:PortProcess

14:43:42.441236332 State Recv-Q Send-Q Local Address:Port Peer Address:PortProcess

14:43:42.444367122 State Recv-Q Send-Q Local Address:Port Peer Address:PortProcess

14:43:42.446580412 State Recv-Q Send-Q Local Address:Port Peer Address:PortProcess

14:43:42.449237244 State Recv-Q Send-Q Local Address:Port Peer Address:PortProcess

14:43:42.451889909 State Recv-Q Send-Q Local Address:Port Peer Address:PortProcess

14:43:42.454426491 State Recv-Q Send-Q Local Address:Port Peer Address:PortProcess

14:43:42.456780073 State Recv-Q Send-Q Local Address:Port Peer Address:PortProcess

14:43:42.459260489 State Recv-Q Send-Q Local Address:Port Peer Address:PortProcess

14:43:42.461324738 State Recv-Q Send-Q Local Address:Port Peer Address:PortProcess

14:43:42.463533278 State Recv-Q Send-Q Local Address:Port Peer Address:PortProcess

14:43:42.465677527 State Recv-Q Send-Q Local Address:Port Peer Address:PortProcess

14:43:42.468298775 State Recv-Q Send-Q Local Address:Port Peer Address:PortProcess

14:43:42.470348274 State Recv-Q Send-Q Local Address:Port Peer Address:PortProcess

14:43:42.472464315 State Recv-Q Send-Q Local Address:Port Peer Address:PortProcess

14:43:42.475083105 State Recv-Q Send-Q Local Address:Port Peer Address:PortProcess

14:43:42.476871604 State Recv-Q Send-Q Local Address:Port Peer Address:PortProcess

14:43:42.479128061 State Recv-Q Send-Q Local Address:Port Peer Address:PortProcess

14:43:42.481409268 State Recv-Q Send-Q Local Address:Port Peer Address:PortProcess

14:43:42.483581850 State Recv-Q Send-Q Local Address:Port Peer Address:PortProcess

14:43:42.486047891 State Recv-Q Send-Q Local Address:Port Peer Address:PortProcess

14:43:42.488245598 State Recv-Q Send-Q Local Address:Port Peer Address:PortProcess

14:43:42.490327930 State Recv-Q Send-Q Local Address:Port Peer Address:PortProcess

14:43:42.492643512 State Recv-Q Send-Q Local Address:Port Peer Address:PortProcess

14:43:42.495122844 State Recv-Q Send-Q Local Address:Port Peer Address:PortProcess

14:43:42.497115260 State Recv-Q Send-Q Local Address:Port Peer Address:PortProcess

14:43:42.499114842 State Recv-Q Send-Q Local Address:Port Peer Address:PortProcess

14:43:42.501193799 State Recv-Q Send-Q Local Address:Port Peer Address:PortProcess

14:43:42.503615881 State Recv-Q Send-Q Local Address:Port Peer Address:PortProcess

14:43:42.505893255 State Recv-Q Send-Q Local Address:Port Peer Address:PortProcess

14:43:42.508265504 State Recv-Q Send-Q Local Address:Port Peer Address:PortProcess

14:43:42.510521378 State Recv-Q Send-Q Local Address:Port Peer Address:PortProcess

14:43:42.512449751 State Recv-Q Send-Q Local Address:Port Peer Address:PortProcess

14:43:42.514657084 State Recv-Q Send-Q Local Address:Port Peer Address:PortProcess

14:43:42.516925791 State Recv-Q Send-Q Local Address:Port Peer Address:PortProcess

14:43:42.519544998 State Recv-Q Send-Q Local Address:Port Peer Address:PortProcess

14:43:42.521721538 State Recv-Q Send-Q Local Address:Port Peer Address:PortProcess

14:43:42.524187037 State Recv-Q Send-Q Local Address:Port Peer Address:PortProcess

14:43:42.526320327 State Recv-Q Send-Q Local Address:Port Peer Address:PortProcess

14:43:42.528491409 State Recv-Q Send-Q Local Address:Port Peer Address:PortProcess

14:43:42.530925116 State Recv-Q Send-Q Local Address:Port Peer Address:PortProcess

14:43:42.533217115 State Recv-Q Send-Q Local Address:Port Peer Address:PortProcess

14:43:42.535544906 State Recv-Q Send-Q Local Address:Port Peer Address:PortProcess

14:43:42.537710654 State Recv-Q Send-Q Local Address:Port Peer Address:PortProcess

14:43:42.540337945 State Recv-Q Send-Q Local Address:Port Peer Address:PortProcess

14:43:42.542713943 State Recv-Q Send-Q Local Address:Port Peer Address:PortProcess

14:43:42.544772984 State Recv-Q Send-Q Local Address:Port Peer Address:PortProcess

14:43:42.546731816 State Recv-Q Send-Q Local Address:Port Peer Address:PortProcess

14:43:42.549350106 State Recv-Q Send-Q Local Address:Port Peer Address:PortProcess

14:43:42.551321689 State Recv-Q Send-Q Local Address:Port Peer Address:PortProcess

14:43:42.553469854 State Recv-Q Send-Q Local Address:Port Peer Address:PortProcess

14:43:42.555684978 State Recv-Q Send-Q Local Address:Port Peer Address:PortProcess

14:43:42.558148227 State Recv-Q Send-Q Local Address:Port Peer Address:PortProcess

14:43:42.560172851 State Recv-Q Send-Q Local Address:Port Peer Address:PortProcess

14:43:42.562580058 State Recv-Q Send-Q Local Address:Port Peer Address:PortProcess

14:43:42.564709515 State Recv-Q Send-Q Local Address:Port Peer Address:PortProcess

14:43:42.567294555 State Recv-Q Send-Q Local Address:Port Peer Address:PortProcess

14:43:42.569266804 State Recv-Q Send-Q Local Address:Port Peer Address:PortProcess

14:43:42.571464094 State Recv-Q Send-Q Local Address:Port Peer Address:PortProcess

14:43:42.573829802 State Recv-Q Send-Q Local Address:Port Peer Address:PortProcess

14:43:42.576205592 State Recv-Q Send-Q Local Address:Port Peer Address:PortProcess

14:43:42.578313257 State Recv-Q Send-Q Local Address:Port Peer Address:PortProcess

14:43:42.580299173 State Recv-Q Send-Q Local Address:Port Peer Address:PortProcess

14:43:42.582496838 State Recv-Q Send-Q Local Address:Port Peer Address:PortProcess

14:43:42.584721504 State Recv-Q Send-Q Local Address:Port Peer Address:PortProcess

14:43:42.586747253 State Recv-Q Send-Q Local Address:Port Peer Address:PortProcess

14:43:42.589116543 State Recv-Q Send-Q Local Address:Port Peer Address:PortProcess

14:43:42.591555709 State Recv-Q Send-Q Local Address:Port Peer Address:PortProcess

14:43:42.593571041 State Recv-Q Send-Q Local Address:Port Peer Address:PortProcess

14:43:42.595719373 State Recv-Q Send-Q Local Address:Port Peer Address:PortProcess

14:43:42.597822039 State Recv-Q Send-Q Local Address:Port Peer Address:PortProcess

14:43:42.600401287 State Recv-Q Send-Q Local Address:Port Peer Address:PortProcess

14:43:42.602658161 State Recv-Q Send-Q Local Address:Port Peer Address:PortProcess

14:43:42.604676451 State Recv-Q Send-Q Local Address:Port Peer Address:PortProcess

14:43:42.606915700 State Recv-Q Send-Q Local Address:Port Peer Address:PortProcess

14:43:42.609251157 State Recv-Q Send-Q Local Address:Port Peer Address:PortProcess

14:43:42.611410198 State Recv-Q Send-Q Local Address:Port Peer Address:PortProcess

14:43:42.613332072 State Recv-Q Send-Q Local Address:Port Peer Address:PortProcess

14:43:42.615606279 State Recv-Q Send-Q Local Address:Port Peer Address:PortProcess

14:43:42.617834611 State Recv-Q Send-Q Local Address:Port Peer Address:PortProcess

14:43:42.620412985 State Recv-Q Send-Q Local Address:Port Peer Address:PortProcess

14:43:42.622625442 State Recv-Q Send-Q Local Address:Port Peer Address:PortProcess

14:43:42.624668941 State Recv-Q Send-Q Local Address:Port Peer Address:PortProcess

14:43:42.626718356 State Recv-Q Send-Q Local Address:Port Peer Address:PortProcess

14:43:42.629355980 State Recv-Q Send-Q Local Address:Port Peer Address:PortProcess

14:43:42.631681687 State Recv-Q Send-Q Local Address:Port Peer Address:PortProcess

14:43:42.634166269 State Recv-Q Send-Q Local Address:Port Peer Address:PortProcess

14:43:42.636391018 State Recv-Q Send-Q Local Address:Port Peer Address:PortProcess

14:43:42.638273642 State Recv-Q Send-Q Local Address:Port Peer Address:PortProcess

14:43:42.640426099 State Recv-Q Send-Q Local Address:Port Peer Address:PortProcess

14:43:42.642549514 State Recv-Q Send-Q Local Address:Port Peer Address:PortProcess

14:43:42.645260804 State Recv-Q Send-Q Local Address:Port Peer Address:PortProcess

14:43:42.647586637 State Recv-Q Send-Q Local Address:Port Peer Address:PortProcess

14:43:42.649730885 State Recv-Q Send-Q Local Address:Port Peer Address:PortProcess

14:43:42.652365801 State Recv-Q Send-Q Local Address:Port Peer Address:PortProcess

14:43:42.654725841 State Recv-Q Send-Q Local Address:Port Peer Address:PortProcess

14:43:42.657334673 State Recv-Q Send-Q Local Address:Port Peer Address:PortProcess

14:43:42.659464255 State Recv-Q Send-Q Local Address:Port Peer Address:PortProcess

14:43:42.661524712 State Recv-Q Send-Q Local Address:Port Peer Address:PortProcess

14:43:42.663763461 State Recv-Q Send-Q Local Address:Port Peer Address:PortProcess

14:43:42.666257168 State Recv-Q Send-Q Local Address:Port Peer Address:PortProcess

14:43:42.668646875 State Recv-Q Send-Q Local Address:Port Peer Address:PortProcess

14:43:42.670892874 State Recv-Q Send-Q Local Address:Port Peer Address:PortProcess

14:43:42.673443289 State Recv-Q Send-Q Local Address:Port Peer Address:PortProcess

14:43:42.676541746 State Recv-Q Send-Q Local Address:Port Peer Address:PortProcess

14:43:42.679250536 State Recv-Q Send-Q Local Address:Port Peer Address:PortProcess

14:43:42.681433785 State Recv-Q Send-Q Local Address:Port Peer Address:PortProcess

14:43:42.683427909 State Recv-Q Send-Q Local Address:Port Peer Address:PortProcess

14:43:42.685793324 State Recv-Q Send-Q Local Address:Port Peer Address:PortProcess

14:43:42.687874573 State Recv-Q Send-Q Local Address:Port Peer Address:PortProcess

14:43:42.690492447 State Recv-Q Send-Q Local Address:Port Peer Address:PortProcess

14:43:42.692575487 State Recv-Q Send-Q Local Address:Port Peer Address:PortProcess

14:43:42.694627778 State Recv-Q Send-Q Local Address:Port Peer Address:PortProcess

14:43:42.696811318 State Recv-Q Send-Q Local Address:Port Peer Address:PortProcess

14:43:42.699107609 State Recv-Q Send-Q Local Address:Port Peer Address:PortProcess

14:43:42.701190107 State Recv-Q Send-Q Local Address:Port Peer Address:PortProcess

14:43:42.703719023 State Recv-Q Send-Q Local Address:Port Peer Address:PortProcess

14:43:42.706126021 State Recv-Q Send-Q Local Address:Port Peer Address:PortProcess

14:43:42.708328145 State Recv-Q Send-Q Local Address:Port Peer Address:PortProcess

14:43:42.710480519 State Recv-Q Send-Q Local Address:Port Peer Address:PortProcess

14:43:42.712369518 State Recv-Q Send-Q Local Address:Port Peer Address:PortProcess

14:43:42.714766433 State Recv-Q Send-Q Local Address:Port Peer Address:PortProcess

14:43:42.717191349 State Recv-Q Send-Q Local Address:Port Peer Address:PortProcess

14:43:42.719468889 State Recv-Q Send-Q Local Address:Port Peer Address:PortProcess

14:43:42.721542388 State Recv-Q Send-Q Local Address:Port Peer Address:PortProcess

14:43:42.723576679 State Recv-Q Send-Q Local Address:Port Peer Address:PortProcess

14:43:42.725675719 State Recv-Q Send-Q Local Address:Port Peer Address:PortProcess

14:43:42.727815676 State Recv-Q Send-Q Local Address:Port Peer Address:PortProcess

14:43:42.730236133 State Recv-Q Send-Q Local Address:Port Peer Address:PortProcess

14:43:42.732249341 State Recv-Q Send-Q Local Address:Port Peer Address:PortProcess

14:43:42.734446714 State Recv-Q Send-Q Local Address:Port Peer Address:PortProcess

14:43:42.736926130 State Recv-Q Send-Q Local Address:Port Peer Address:PortProcess

14:43:42.739572087 State Recv-Q Send-Q Local Address:Port Peer Address:PortProcess

14:43:42.741812419 State Recv-Q Send-Q Local Address:Port Peer Address:PortProcess

14:43:42.743936793 State Recv-Q Send-Q Local Address:Port Peer Address:PortProcess

14:43:42.746101958 State Recv-Q Send-Q Local Address:Port Peer Address:PortProcess

14:43:42.748172749 State Recv-Q Send-Q Local Address:Port Peer Address:PortProcess

14:43:42.750403747 State Recv-Q Send-Q Local Address:Port Peer Address:PortProcess

14:43:42.752687121 State Recv-Q Send-Q Local Address:Port Peer Address:PortProcess

14:43:42.755195911 State Recv-Q Send-Q Local Address:Port Peer Address:PortProcess

14:43:42.757558660 State Recv-Q Send-Q Local Address:Port Peer Address:PortProcess

14:43:42.760407575 State Recv-Q Send-Q Local Address:Port Peer Address:PortProcess

14:43:42.762721407 State Recv-Q Send-Q Local Address:Port Peer Address:PortProcess

14:43:42.765310823 State Recv-Q Send-Q Local Address:Port Peer Address:PortProcess

14:43:42.767692280 State Recv-Q Send-Q Local Address:Port Peer Address:PortProcess

14:43:42.769941778 State Recv-Q Send-Q Local Address:Port Peer Address:PortProcess

14:43:42.772207611 State Recv-Q Send-Q Local Address:Port Peer Address:PortProcess

14:43:42.774515026 State Recv-Q Send-Q Local Address:Port Peer Address:PortProcess

14:43:42.776826525 State Recv-Q Send-Q Local Address:Port Peer Address:PortProcess

14:43:42.779106399 State Recv-Q Send-Q Local Address:Port Peer Address:PortProcess

14:43:42.780911814 State Recv-Q Send-Q Local Address:Port Peer Address:PortProcess

14:43:42.783246396 State Recv-Q Send-Q Local Address:Port Peer Address:PortProcess

14:43:42.785671187 State Recv-Q Send-Q Local Address:Port Peer Address:PortProcess

14:43:42.787859102 State Recv-Q Send-Q Local Address:Port Peer Address:PortProcess

14:43:42.790259017 State Recv-Q Send-Q Local Address:Port Peer Address:PortProcess

14:43:42.792178516 State Recv-Q Send-Q Local Address:Port Peer Address:PortProcess

14:43:42.794672223 State Recv-Q Send-Q Local Address:Port Peer Address:PortProcess

14:43:42.797274347 State Recv-Q Send-Q Local Address:Port Peer Address:PortProcess

14:43:42.799402054 State Recv-Q Send-Q Local Address:Port Peer Address:PortProcess

14:43:42.801591178 State Recv-Q Send-Q Local Address:Port Peer Address:PortProcess

14:43:42.803668010 State Recv-Q Send-Q Local Address:Port Peer Address:PortProcess

14:43:42.805789134 State Recv-Q Send-Q Local Address:Port Peer Address:PortProcess

14:43:42.808282633 State Recv-Q Send-Q Local Address:Port Peer Address:PortProcess

14:43:42.810313382 State Recv-Q Send-Q Local Address:Port Peer Address:PortProcess

14:43:42.812375630 State Recv-Q Send-Q Local Address:Port Peer Address:PortProcess

14:43:42.814580504 State Recv-Q Send-Q Local Address:Port Peer Address:PortProcess

14:43:42.816690253 State Recv-Q Send-Q Local Address:Port Peer Address:PortProcess

14:43:42.818778294 State Recv-Q Send-Q Local Address:Port Peer Address:PortProcess

14:43:42.821233876 State Recv-Q Send-Q Local Address:Port Peer Address:PortProcess

14:43:42.823545208 State Recv-Q Send-Q Local Address:Port Peer Address:PortProcess

14:43:42.825765707 State Recv-Q Send-Q Local Address:Port Peer Address:PortProcess

14:43:42.827889830 State Recv-Q Send-Q Local Address:Port Peer Address:PortProcess

14:43:42.830170371 State Recv-Q Send-Q Local Address:Port Peer Address:PortProcess

14:43:42.832453745 State Recv-Q Send-Q Local Address:Port Peer Address:PortProcess

14:43:42.834937952 State Recv-Q Send-Q Local Address:Port Peer Address:PortProcess

14:43:42.837543033 State Recv-Q Send-Q Local Address:Port Peer Address:PortProcess

14:43:42.839796657 State Recv-Q Send-Q Local Address:Port Peer Address:PortProcess

14:43:42.842290281 State Recv-Q Send-Q Local Address:Port Peer Address:PortProcess

14:43:42.844724696 State Recv-Q Send-Q Local Address:Port Peer Address:PortProcess

14:43:42.847182445 State Recv-Q Send-Q Local Address:Port Peer Address:PortProcess

14:43:42.849641069 State Recv-Q Send-Q Local Address:Port Peer Address:PortProcess

14:43:42.851761817 State Recv-Q Send-Q Local Address:Port Peer Address:PortProcess

14:43:42.854198024 State Recv-Q Send-Q Local Address:Port Peer Address:PortProcess

14:43:42.855735190 State Recv-Q Send-Q Local Address:Port Peer Address:PortProcess

14:43:42.857982356 State Recv-Q Send-Q Local Address:Port Peer Address:PortProcess

14:43:42.860483854 State Recv-Q Send-Q Local Address:Port Peer Address:PortProcess

14:43:42.862657562 State Recv-Q Send-Q Local Address:Port Peer Address:PortProcess

14:43:42.865052352 State Recv-Q Send-Q Local Address:Port Peer Address:PortProcess

14:43:42.867213476 State Recv-Q Send-Q Local Address:Port Peer Address:PortProcess

14:43:42.869358766 State Recv-Q Send-Q Local Address:Port Peer Address:PortProcess

14:43:42.871536223 State Recv-Q Send-Q Local Address:Port Peer Address:PortProcess

14:43:42.873757139 State Recv-Q Send-Q Local Address:Port Peer Address:PortProcess

14:43:42.876145888 State Recv-Q Send-Q Local Address:Port Peer Address:PortProcess

14:43:42.878324470 State Recv-Q Send-Q Local Address:Port Peer Address:PortProcess

14:43:42.880610927 State Recv-Q Send-Q Local Address:Port Peer Address:PortProcess

14:43:42.882692551 State Recv-Q Send-Q Local Address:Port Peer Address:PortProcess

14:43:42.884690341 State Recv-Q Send-Q Local Address:Port Peer Address:PortProcess

14:43:42.886720465 State Recv-Q Send-Q Local Address:Port Peer Address:PortProcess

14:43:42.889379255 State Recv-Q Send-Q Local Address:Port Peer Address:PortProcess

14:43:42.891773587 State Recv-Q Send-Q Local Address:Port Peer Address:PortProcess

14:43:42.893898753 State Recv-Q Send-Q Local Address:Port Peer Address:PortProcess

14:43:42.896077543 State Recv-Q Send-Q Local Address:Port Peer Address:PortProcess

14:43:42.898361334 State Recv-Q Send-Q Local Address:Port Peer Address:PortProcess

14:43:42.900823541 State Recv-Q Send-Q Local Address:Port Peer Address:PortProcess

14:43:42.903325831 State Recv-Q Send-Q Local Address:Port Peer Address:PortProcess

14:43:42.905468163 State Recv-Q Send-Q Local Address:Port Peer Address:PortProcess

14:43:42.907582329 State Recv-Q Send-Q Local Address:Port Peer Address:PortProcess

14:43:42.910145077 State Recv-Q Send-Q Local Address:Port Peer Address:PortProcess

14:43:42.912400785 State Recv-Q Send-Q Local Address:Port Peer Address:PortProcess

14:43:42.914516992 State Recv-Q Send-Q Local Address:Port Peer Address:PortProcess

14:43:42.916667782 State Recv-Q Send-Q Local Address:Port Peer Address:PortProcess

14:43:42.918897781 State Recv-Q Send-Q Local Address:Port Peer Address:PortProcess

14:43:42.921157155 State Recv-Q Send-Q Local Address:Port Peer Address:PortProcess

14:43:42.923610737 State Recv-Q Send-Q Local Address:Port Peer Address:PortProcess

14:43:42.925862444 State Recv-Q Send-Q Local Address:Port Peer Address:PortProcess

14:43:42.927826985 State Recv-Q Send-Q Local Address:Port Peer Address:PortProcess

14:43:42.929777358 State Recv-Q Send-Q Local Address:Port Peer Address:PortProcess

14:43:42.932125566 State Recv-Q Send-Q Local Address:Port Peer Address:PortProcess

14:43:42.934294439 State Recv-Q Send-Q Local Address:Port Peer Address:PortProcess

14:43:42.936494771 State    Recv-Q Send-Q Local Address:Port  Peer Address:PortProcess
14:43:42.936494771 SYN-SENT 0      1           10.0.0.1:47270     10.0.0.2:5001
14:43:42.936494771 	 reno rto:1000 mss:524 pmtu:1500 rcvmss:88 advmss:1460 cwnd:10 segs_out:1 lastsnd:1301076 lastrcv:1301076 lastack:1301076 pacing_rate 400000000bps/400000000bps app_limited unacked:1 rcv_ssthresh:42340

14:43:42.938892479 State    Recv-Q Send-Q Local Address:Port  Peer Address:PortProcess
14:43:42.938892479 SYN-SENT 0      1           10.0.0.1:47270     10.0.0.2:5001
14:43:42.938892479 	 reno rto:1000 mss:524 pmtu:1500 rcvmss:88 advmss:1460 cwnd:10 segs_out:1 lastsnd:1301079 lastrcv:1301079 lastack:1301079 pacing_rate 400000000bps/400000000bps app_limited unacked:1 rcv_ssthresh:42340

14:43:42.941613394 State    Recv-Q Send-Q Local Address:Port  Peer Address:PortProcess
14:43:42.941613394 SYN-SENT 0      1           10.0.0.1:47270     10.0.0.2:5001
14:43:42.941613394 	 reno rto:1000 mss:524 pmtu:1500 rcvmss:88 advmss:1460 cwnd:10 segs_out:1 lastsnd:1301081 lastrcv:1301081 lastack:1301081 pacing_rate 400000000bps/400000000bps app_limited unacked:1 rcv_ssthresh:42340

14:43:42.944213309 State    Recv-Q Send-Q Local Address:Port  Peer Address:PortProcess
14:43:42.944213309 SYN-SENT 0      1           10.0.0.1:47270     10.0.0.2:5001
14:43:42.944213309 	 reno rto:1000 mss:524 pmtu:1500 rcvmss:88 advmss:1460 cwnd:10 segs_out:1 lastsnd:1301084 lastrcv:1301084 lastack:1301084 pacing_rate 400000000bps/400000000bps app_limited unacked:1 rcv_ssthresh:42340

14:43:42.946619641 State    Recv-Q Send-Q Local Address:Port  Peer Address:PortProcess
14:43:42.946619641 SYN-SENT 0      1           10.0.0.1:47270     10.0.0.2:5001
14:43:42.946619641 	 reno rto:1000 mss:524 pmtu:1500 rcvmss:88 advmss:1460 cwnd:10 segs_out:1 lastsnd:1301086 lastrcv:1301086 lastack:1301086 pacing_rate 400000000bps/400000000bps app_limited unacked:1 rcv_ssthresh:42340

14:43:42.948682557 State    Recv-Q Send-Q Local Address:Port  Peer Address:PortProcess
14:43:42.948682557 SYN-SENT 0      1           10.0.0.1:47270     10.0.0.2:5001
14:43:42.948682557 	 reno rto:1000 mss:524 pmtu:1500 rcvmss:88 advmss:1460 cwnd:10 segs_out:1 lastsnd:1301088 lastrcv:1301088 lastack:1301088 pacing_rate 400000000bps/400000000bps app_limited unacked:1 rcv_ssthresh:42340

14:43:42.951191222 State    Recv-Q Send-Q Local Address:Port  Peer Address:PortProcess
14:43:42.951191222 SYN-SENT 0      1           10.0.0.1:47270     10.0.0.2:5001
14:43:42.951191222 	 reno rto:1000 mss:524 pmtu:1500 rcvmss:88 advmss:1460 cwnd:10 segs_out:1 lastsnd:1301091 lastrcv:1301091 lastack:1301091 pacing_rate 400000000bps/400000000bps app_limited unacked:1 rcv_ssthresh:42340

14:43:42.953247762 State    Recv-Q Send-Q Local Address:Port  Peer Address:PortProcess
14:43:42.953247762 SYN-SENT 0      1           10.0.0.1:47270     10.0.0.2:5001
14:43:42.953247762 	 reno rto:1000 mss:524 pmtu:1500 rcvmss:88 advmss:1460 cwnd:10 segs_out:1 lastsnd:1301093 lastrcv:1301093 lastack:1301093 pacing_rate 400000000bps/400000000bps app_limited unacked:1 rcv_ssthresh:42340

14:43:42.955113428 State    Recv-Q Send-Q Local Address:Port  Peer Address:PortProcess
14:43:42.955113428 SYN-SENT 0      1           10.0.0.1:47270     10.0.0.2:5001
14:43:42.955113428 	 reno rto:1000 mss:524 pmtu:1500 rcvmss:88 advmss:1460 cwnd:10 segs_out:1 lastsnd:1301094 lastrcv:1301094 lastack:1301094 pacing_rate 400000000bps/400000000bps app_limited unacked:1 rcv_ssthresh:42340

14:43:42.957444593 State    Recv-Q Send-Q Local Address:Port  Peer Address:PortProcess
14:43:42.957444593 SYN-SENT 0      1           10.0.0.1:47270     10.0.0.2:5001
14:43:42.957444593 	 reno rto:1000 mss:524 pmtu:1500 rcvmss:88 advmss:1460 cwnd:10 segs_out:1 lastsnd:1301097 lastrcv:1301097 lastack:1301097 pacing_rate 400000000bps/400000000bps app_limited unacked:1 rcv_ssthresh:42340

14:43:42.960355967 State    Recv-Q Send-Q Local Address:Port  Peer Address:PortProcess
14:43:42.960355967 SYN-SENT 0      1           10.0.0.1:47270     10.0.0.2:5001
14:43:42.960355967 	 reno rto:1000 mss:524 pmtu:1500 rcvmss:88 advmss:1460 cwnd:10 segs_out:1 lastsnd:1301100 lastrcv:1301100 lastack:1301100 pacing_rate 400000000bps/400000000bps app_limited unacked:1 rcv_ssthresh:42340

14:43:42.962343757 State    Recv-Q Send-Q Local Address:Port  Peer Address:PortProcess
14:43:42.962343757 SYN-SENT 0      1           10.0.0.1:47270     10.0.0.2:5001
14:43:42.962343757 	 reno rto:1000 mss:524 pmtu:1500 rcvmss:88 advmss:1460 cwnd:10 segs_out:1 lastsnd:1301102 lastrcv:1301102 lastack:1301102 pacing_rate 400000000bps/400000000bps app_limited unacked:1 rcv_ssthresh:42340

14:43:42.964588881 State    Recv-Q Send-Q Local Address:Port  Peer Address:PortProcess
14:43:42.964588881 SYN-SENT 0      1           10.0.0.1:47270     10.0.0.2:5001
14:43:42.964588881 	 reno rto:1000 mss:524 pmtu:1500 rcvmss:88 advmss:1460 cwnd:10 segs_out:1 lastsnd:1301104 lastrcv:1301104 lastack:1301104 pacing_rate 400000000bps/400000000bps app_limited unacked:1 rcv_ssthresh:42340

14:43:42.966533589 State    Recv-Q Send-Q Local Address:Port  Peer Address:PortProcess
14:43:42.966533589 SYN-SENT 0      1           10.0.0.1:47270     10.0.0.2:5001
14:43:42.966533589 	 reno rto:1000 mss:524 pmtu:1500 rcvmss:88 advmss:1460 cwnd:10 segs_out:1 lastsnd:1301106 lastrcv:1301106 lastack:1301106 pacing_rate 400000000bps/400000000bps app_limited unacked:1 rcv_ssthresh:42340

14:43:42.969113004 State    Recv-Q Send-Q Local Address:Port  Peer Address:PortProcess
14:43:42.969113004 SYN-SENT 0      1           10.0.0.1:47270     10.0.0.2:5001
14:43:42.969113004 	 reno rto:1000 mss:524 pmtu:1500 rcvmss:88 advmss:1460 cwnd:10 segs_out:1 lastsnd:1301109 lastrcv:1301109 lastack:1301109 pacing_rate 400000000bps/400000000bps app_limited unacked:1 rcv_ssthresh:42340

14:43:42.971611752 State    Recv-Q Send-Q Local Address:Port  Peer Address:PortProcess
14:43:42.971611752 SYN-SENT 0      1           10.0.0.1:47270     10.0.0.2:5001
14:43:42.971611752 	 reno rto:1000 mss:524 pmtu:1500 rcvmss:88 advmss:1460 cwnd:10 segs_out:1 lastsnd:1301111 lastrcv:1301111 lastack:1301111 pacing_rate 400000000bps/400000000bps app_limited unacked:1 rcv_ssthresh:42340

14:43:42.974253501 State    Recv-Q Send-Q Local Address:Port  Peer Address:PortProcess
14:43:42.974253501 SYN-SENT 0      1           10.0.0.1:47270     10.0.0.2:5001
14:43:42.974253501 	 reno rto:1000 mss:524 pmtu:1500 rcvmss:88 advmss:1460 cwnd:10 segs_out:1 lastsnd:1301114 lastrcv:1301114 lastack:1301114 pacing_rate 400000000bps/400000000bps app_limited unacked:1 rcv_ssthresh:42340

14:43:42.976866625 State    Recv-Q Send-Q Local Address:Port  Peer Address:PortProcess
14:43:42.976866625 SYN-SENT 0      1           10.0.0.1:47270     10.0.0.2:5001
14:43:42.976866625 	 reno rto:1000 mss:524 pmtu:1500 rcvmss:88 advmss:1460 cwnd:10 segs_out:1 lastsnd:1301116 lastrcv:1301116 lastack:1301116 pacing_rate 400000000bps/400000000bps app_limited unacked:1 rcv_ssthresh:42340

14:43:42.979279290 State    Recv-Q Send-Q Local Address:Port  Peer Address:PortProcess
14:43:42.979279290 SYN-SENT 0      1           10.0.0.1:47270     10.0.0.2:5001
14:43:42.979279290 	 reno rto:1000 mss:524 pmtu:1500 rcvmss:88 advmss:1460 cwnd:10 segs_out:1 lastsnd:1301119 lastrcv:1301119 lastack:1301119 pacing_rate 400000000bps/400000000bps app_limited unacked:1 rcv_ssthresh:42340

14:43:42.981715039 State    Recv-Q Send-Q Local Address:Port  Peer Address:PortProcess
14:43:42.981715039 SYN-SENT 0      1           10.0.0.1:47270     10.0.0.2:5001
14:43:42.981715039 	 reno rto:1000 mss:524 pmtu:1500 rcvmss:88 advmss:1460 cwnd:10 segs_out:1 lastsnd:1301122 lastrcv:1301122 lastack:1301122 pacing_rate 400000000bps/400000000bps app_limited unacked:1 rcv_ssthresh:42340

14:43:42.985124120 State    Recv-Q Send-Q Local Address:Port  Peer Address:PortProcess
14:43:42.985124120 SYN-SENT 0      1           10.0.0.1:47270     10.0.0.2:5001
14:43:42.985124120 	 reno rto:1000 mss:524 pmtu:1500 rcvmss:88 advmss:1460 cwnd:10 segs_out:1 lastsnd:1301124 lastrcv:1301124 lastack:1301124 pacing_rate 400000000bps/400000000bps app_limited unacked:1 rcv_ssthresh:42340

14:43:42.987325827 State    Recv-Q Send-Q Local Address:Port  Peer Address:PortProcess
14:43:42.987325827 SYN-SENT 0      1           10.0.0.1:47270     10.0.0.2:5001
14:43:42.987325827 	 reno rto:1000 mss:524 pmtu:1500 rcvmss:88 advmss:1460 cwnd:10 segs_out:1 lastsnd:1301127 lastrcv:1301127 lastack:1301127 pacing_rate 400000000bps/400000000bps app_limited unacked:1 rcv_ssthresh:42340

14:43:42.989602909 State    Recv-Q Send-Q Local Address:Port  Peer Address:PortProcess
14:43:42.989602909 SYN-SENT 0      1           10.0.0.1:47270     10.0.0.2:5001
14:43:42.989602909 	 reno rto:1000 mss:524 pmtu:1500 rcvmss:88 advmss:1460 cwnd:10 segs_out:1 lastsnd:1301129 lastrcv:1301129 lastack:1301129 pacing_rate 400000000bps/400000000bps app_limited unacked:1 rcv_ssthresh:42340

14:43:42.992125491 State    Recv-Q Send-Q Local Address:Port  Peer Address:PortProcess
14:43:42.992125491 SYN-SENT 0      1           10.0.0.1:47270     10.0.0.2:5001
14:43:42.992125491 	 reno rto:1000 mss:524 pmtu:1500 rcvmss:88 advmss:1460 cwnd:10 segs_out:1 lastsnd:1301132 lastrcv:1301132 lastack:1301132 pacing_rate 400000000bps/400000000bps app_limited unacked:1 rcv_ssthresh:42340

14:43:42.994508282 State    Recv-Q Send-Q Local Address:Port  Peer Address:PortProcess
14:43:42.994508282 SYN-SENT 0      1           10.0.0.1:47270     10.0.0.2:5001
14:43:42.994508282 	 reno rto:1000 mss:524 pmtu:1500 rcvmss:88 advmss:1460 cwnd:10 segs_out:1 lastsnd:1301134 lastrcv:1301134 lastack:1301134 pacing_rate 400000000bps/400000000bps app_limited unacked:1 rcv_ssthresh:42340

14:43:42.996565322 State    Recv-Q Send-Q Local Address:Port  Peer Address:PortProcess
14:43:42.996565322 SYN-SENT 0      1           10.0.0.1:47270     10.0.0.2:5001
14:43:42.996565322 	 reno rto:1000 mss:524 pmtu:1500 rcvmss:88 advmss:1460 cwnd:10 segs_out:1 lastsnd:1301136 lastrcv:1301136 lastack:1301136 pacing_rate 400000000bps/400000000bps app_limited unacked:1 rcv_ssthresh:42340

14:43:42.998785154 State Recv-Q Send-Q Local Address:Port  Peer Address:PortProcess
14:43:42.998785154 ESTAB 0      0           10.0.0.1:47270     10.0.0.2:5001
14:43:42.998785154 	 reno wscale:9,9 rto:265 rtt:64.2/32.1 mss:1448 pmtu:1500 rcvmss:536 advmss:1448 cwnd:10 bytes_acked:1 segs_out:2 segs_in:1 send 1804361bps pacing_rate 1308992bps/400000000bps delivered:1 app_limited rcv_space:14480 rcv_ssthresh:42242 minrtt:64.2 snd_wnd:43440

14:43:43.001374028 State Recv-Q Send-Q Local Address:Port  Peer Address:PortProcess
14:43:43.001374028 ESTAB 0      99992       10.0.0.1:47270     10.0.0.2:5001
14:43:43.001374028 	 reno wscale:9,9 rto:265 rtt:64.2/32.1 mss:1448 pmtu:1500 rcvmss:536 advmss:1448 cwnd:10 bytes_sent:13112 bytes_acked:1 segs_out:12 segs_in:1 data_segs_out:10 send 1804361bps lastsnd:3 lastrcv:3 lastack:3 pacing_rate 1308992bps/400000000bps delivered:1 app_limited busy:3ms unacked:10 rcv_space:14480 rcv_ssthresh:42242 notsent:86880 minrtt:64.2 snd_wnd:43440

14:43:43.003654777 State Recv-Q Send-Q Local Address:Port  Peer Address:PortProcess
14:43:43.003654777 ESTAB 0      99992       10.0.0.1:47270     10.0.0.2:5001
14:43:43.003654777 	 reno wscale:9,9 rto:265 rtt:64.2/32.1 mss:1448 pmtu:1500 rcvmss:536 advmss:1448 cwnd:10 bytes_sent:13112 bytes_acked:1 segs_out:12 segs_in:1 data_segs_out:10 send 1804361bps lastsnd:5 lastrcv:5 lastack:5 pacing_rate 1308992bps/400000000bps delivered:1 app_limited busy:5ms unacked:10 rcv_space:14480 rcv_ssthresh:42242 notsent:86880 minrtt:64.2 snd_wnd:43440

14:43:43.005810151 State Recv-Q Send-Q Local Address:Port  Peer Address:PortProcess
14:43:43.005810151 ESTAB 0      99992       10.0.0.1:47270     10.0.0.2:5001
14:43:43.005810151 	 reno wscale:9,9 rto:265 rtt:64.2/32.1 mss:1448 pmtu:1500 rcvmss:536 advmss:1448 cwnd:10 bytes_sent:13112 bytes_acked:1 segs_out:12 segs_in:1 data_segs_out:10 send 1804361bps lastsnd:7 lastrcv:7 lastack:7 pacing_rate 1308992bps/400000000bps delivered:1 app_limited busy:7ms unacked:10 rcv_space:14480 rcv_ssthresh:42242 notsent:86880 minrtt:64.2 snd_wnd:43440

14:43:43.008392774 State Recv-Q Send-Q Local Address:Port  Peer Address:PortProcess
14:43:43.008392774 ESTAB 0      99992       10.0.0.1:47270     10.0.0.2:5001
14:43:43.008392774 	 reno wscale:9,9 rto:265 rtt:64.2/32.1 mss:1448 pmtu:1500 rcvmss:536 advmss:1448 cwnd:10 bytes_sent:13112 bytes_acked:1 segs_out:12 segs_in:1 data_segs_out:10 send 1804361bps lastsnd:10 lastrcv:10 lastack:10 pacing_rate 1308992bps/400000000bps delivered:1 app_limited busy:10ms unacked:10 rcv_space:14480 rcv_ssthresh:42242 notsent:86880 minrtt:64.2 snd_wnd:43440

14:43:43.010583856 State Recv-Q Send-Q Local Address:Port  Peer Address:PortProcess
14:43:43.010583856 ESTAB 0      99992       10.0.0.1:47270     10.0.0.2:5001
14:43:43.010583856 	 reno wscale:9,9 rto:265 rtt:64.2/32.1 mss:1448 pmtu:1500 rcvmss:536 advmss:1448 cwnd:10 bytes_sent:13112 bytes_acked:1 segs_out:12 segs_in:1 data_segs_out:10 send 1804361bps lastsnd:12 lastrcv:12 lastack:12 pacing_rate 1308992bps/400000000bps delivered:1 app_limited busy:12ms unacked:10 rcv_space:14480 rcv_ssthresh:42242 notsent:86880 minrtt:64.2 snd_wnd:43440

14:43:43.012598272 State Recv-Q Send-Q Local Address:Port  Peer Address:PortProcess
14:43:43.012598272 ESTAB 0      99992       10.0.0.1:47270     10.0.0.2:5001
14:43:43.012598272 	 reno wscale:9,9 rto:265 rtt:64.2/32.1 mss:1448 pmtu:1500 rcvmss:536 advmss:1448 cwnd:10 bytes_sent:13112 bytes_acked:1 segs_out:12 segs_in:1 data_segs_out:10 send 1804361bps lastsnd:14 lastrcv:14 lastack:14 pacing_rate 1308992bps/400000000bps delivered:1 app_limited busy:14ms unacked:10 rcv_space:14480 rcv_ssthresh:42242 notsent:86880 minrtt:64.2 snd_wnd:43440

14:43:43.015099687 State Recv-Q Send-Q Local Address:Port  Peer Address:PortProcess
14:43:43.015099687 ESTAB 0      99992       10.0.0.1:47270     10.0.0.2:5001
14:43:43.015099687 	 reno wscale:9,9 rto:265 rtt:64.2/32.1 mss:1448 pmtu:1500 rcvmss:536 advmss:1448 cwnd:10 bytes_sent:13112 bytes_acked:1 segs_out:12 segs_in:1 data_segs_out:10 send 1804361bps lastsnd:17 lastrcv:17 lastack:17 pacing_rate 1308992bps/400000000bps delivered:1 app_limited busy:17ms unacked:10 rcv_space:14480 rcv_ssthresh:42242 notsent:86880 minrtt:64.2 snd_wnd:43440

14:43:43.017522103 State Recv-Q Send-Q Local Address:Port  Peer Address:PortProcess
14:43:43.017522103 ESTAB 0      99992       10.0.0.1:47270     10.0.0.2:5001
14:43:43.017522103 	 reno wscale:9,9 rto:265 rtt:64.2/32.1 mss:1448 pmtu:1500 rcvmss:536 advmss:1448 cwnd:10 bytes_sent:13112 bytes_acked:1 segs_out:12 segs_in:1 data_segs_out:10 send 1804361bps lastsnd:19 lastrcv:19 lastack:19 pacing_rate 1308992bps/400000000bps delivered:1 app_limited busy:19ms unacked:10 rcv_space:14480 rcv_ssthresh:42242 notsent:86880 minrtt:64.2 snd_wnd:43440

14:43:43.019486268 State Recv-Q Send-Q Local Address:Port  Peer Address:PortProcess
14:43:43.019486268 ESTAB 0      99992       10.0.0.1:47270     10.0.0.2:5001
14:43:43.019486268 	 reno wscale:9,9 rto:265 rtt:64.2/32.1 mss:1448 pmtu:1500 rcvmss:536 advmss:1448 cwnd:10 bytes_sent:13112 bytes_acked:1 segs_out:12 segs_in:1 data_segs_out:10 send 1804361bps lastsnd:21 lastrcv:21 lastack:21 pacing_rate 1308992bps/400000000bps delivered:1 app_limited busy:21ms unacked:10 rcv_space:14480 rcv_ssthresh:42242 notsent:86880 minrtt:64.2 snd_wnd:43440

14:43:43.021751225 State Recv-Q Send-Q Local Address:Port  Peer Address:PortProcess
14:43:43.021751225 ESTAB 0      99992       10.0.0.1:47270     10.0.0.2:5001
14:43:43.021751225 	 reno wscale:9,9 rto:265 rtt:64.2/32.1 mss:1448 pmtu:1500 rcvmss:536 advmss:1448 cwnd:10 bytes_sent:13112 bytes_acked:1 segs_out:12 segs_in:1 data_segs_out:10 send 1804361bps lastsnd:23 lastrcv:23 lastack:23 pacing_rate 1308992bps/400000000bps delivered:1 app_limited busy:23ms unacked:10 rcv_space:14480 rcv_ssthresh:42242 notsent:86880 minrtt:64.2 snd_wnd:43440

14:43:43.023783808 State Recv-Q Send-Q Local Address:Port  Peer Address:PortProcess
14:43:43.023783808 ESTAB 0      99992       10.0.0.1:47270     10.0.0.2:5001
14:43:43.023783808 	 reno wscale:9,9 rto:265 rtt:64.2/32.1 mss:1448 pmtu:1500 rcvmss:536 advmss:1448 cwnd:10 bytes_sent:13112 bytes_acked:1 segs_out:12 segs_in:1 data_segs_out:10 send 1804361bps lastsnd:25 lastrcv:25 lastack:25 pacing_rate 1308992bps/400000000bps delivered:1 app_limited busy:25ms unacked:10 rcv_space:14480 rcv_ssthresh:42242 notsent:86880 minrtt:64.2 snd_wnd:43440

14:43:43.026360348 State Recv-Q Send-Q Local Address:Port  Peer Address:PortProcess
14:43:43.026360348 ESTAB 0      99992       10.0.0.1:47270     10.0.0.2:5001
14:43:43.026360348 	 reno wscale:9,9 rto:265 rtt:64.2/32.1 mss:1448 pmtu:1500 rcvmss:536 advmss:1448 cwnd:10 bytes_sent:13112 bytes_acked:1 segs_out:12 segs_in:1 data_segs_out:10 send 1804361bps lastsnd:28 lastrcv:28 lastack:28 pacing_rate 1308992bps/400000000bps delivered:1 app_limited busy:28ms unacked:10 rcv_space:14480 rcv_ssthresh:42242 notsent:86880 minrtt:64.2 snd_wnd:43440

14:43:43.028510388 State Recv-Q Send-Q Local Address:Port  Peer Address:PortProcess
14:43:43.028510388 ESTAB 0      99992       10.0.0.1:47270     10.0.0.2:5001
14:43:43.028510388 	 reno wscale:9,9 rto:265 rtt:64.2/32.1 mss:1448 pmtu:1500 rcvmss:536 advmss:1448 cwnd:10 bytes_sent:13112 bytes_acked:1 segs_out:12 segs_in:1 data_segs_out:10 send 1804361bps lastsnd:30 lastrcv:30 lastack:30 pacing_rate 1308992bps/400000000bps delivered:1 app_limited busy:30ms unacked:10 rcv_space:14480 rcv_ssthresh:42242 notsent:86880 minrtt:64.2 snd_wnd:43440

14:43:43.030493887 State Recv-Q Send-Q Local Address:Port  Peer Address:PortProcess
14:43:43.030493887 ESTAB 28     146248      10.0.0.1:47270     10.0.0.2:5001
14:43:43.030493887 	 reno wscale:9,9 rto:243 rtt:42.532/19.141 ato:40 mss:1448 pmtu:1500 rcvmss:536 advmss:1448 cwnd:18 bytes_sent:16008 bytes_acked:10217 bytes_received:28 segs_out:15 segs_in:10 data_segs_out:12 data_segs_in:1 send 4902473bps lastsnd:1 lastrcv:1 pacing_rate 3486784bps/400000000bps delivery_rate 2933672bps delivered:9 app_limited busy:32ms unacked:4 rcv_space:14480 rcv_ssthresh:42242 notsent:140456 minrtt:31.011 snd_wnd:52736

14:43:43.033129678 State Recv-Q Send-Q Local Address:Port  Peer Address:PortProcess
14:43:43.033129678 ESTAB 28     143352      10.0.0.1:47270     10.0.0.2:5001
14:43:43.033129678 	 reno wscale:9,9 rto:241 rtt:40.045/15.067 ato:40 mss:1448 pmtu:1500 rcvmss:536 advmss:1448 cwnd:20 bytes_sent:16008 bytes_acked:13113 bytes_received:28 segs_out:15 segs_in:12 data_segs_out:12 data_segs_in:1 send 5785491bps lastsnd:3 lastrcv:3 lastack:2 pacing_rate 4100736bps/400000000bps delivery_rate 3612656bps delivered:11 app_limited busy:34ms unacked:2 rcv_space:14480 rcv_ssthresh:42242 notsent:140456 minrtt:31.011 snd_wnd:52736

14:43:43.035538218 State Recv-Q Send-Q Local Address:Port  Peer Address:PortProcess
14:43:43.035538218 ESTAB 28     143352      10.0.0.1:47270     10.0.0.2:5001
14:43:43.035538218 	 reno wscale:9,9 rto:241 rtt:40.045/15.067 ato:40 mss:1448 pmtu:1500 rcvmss:536 advmss:1448 cwnd:20 bytes_sent:16008 bytes_acked:13113 bytes_received:28 segs_out:15 segs_in:12 data_segs_out:12 data_segs_in:1 send 5785491bps lastsnd:6 lastrcv:6 lastack:5 pacing_rate 4100736bps/400000000bps delivery_rate 3612656bps delivered:11 app_limited busy:37ms unacked:2 rcv_space:14480 rcv_ssthresh:42242 notsent:140456 minrtt:31.011 snd_wnd:52736

14:43:43.037948717 State Recv-Q Send-Q Local Address:Port  Peer Address:PortProcess
14:43:43.037948717 ESTAB 28     143352      10.0.0.1:47270     10.0.0.2:5001
14:43:43.037948717 	 reno wscale:9,9 rto:241 rtt:40.045/15.067 ato:40 mss:1448 pmtu:1500 rcvmss:536 advmss:1448 cwnd:20 bytes_sent:18904 bytes_acked:13113 bytes_received:28 segs_out:17 segs_in:12 data_segs_out:14 data_segs_in:1 send 5785491bps lastsnd:1 lastrcv:9 lastack:8 pacing_rate 4100736bps/400000000bps delivery_rate 3612656bps delivered:11 app_limited busy:40ms unacked:4 rcv_space:14480 rcv_ssthresh:42242 notsent:137560 minrtt:31.011 snd_wnd:52736

14:43:43.040147549 State Recv-Q Send-Q Local Address:Port  Peer Address:PortProcess
14:43:43.040147549 ESTAB 28     143352      10.0.0.1:47270     10.0.0.2:5001
14:43:43.040147549 	 reno wscale:9,9 rto:241 rtt:40.045/15.067 ato:40 mss:1448 pmtu:1500 rcvmss:536 advmss:1448 cwnd:20 bytes_sent:18904 bytes_acked:13113 bytes_received:28 segs_out:17 segs_in:12 data_segs_out:14 data_segs_in:1 send 5785491bps lastsnd:3 lastrcv:11 lastack:10 pacing_rate 4100736bps/400000000bps delivery_rate 3612656bps delivered:11 app_limited busy:42ms unacked:4 rcv_space:14480 rcv_ssthresh:42242 notsent:137560 minrtt:31.011 snd_wnd:52736

14:43:43.042589797 State Recv-Q Send-Q Local Address:Port  Peer Address:PortProcess
14:43:43.042589797 ESTAB 28     143352      10.0.0.1:47270     10.0.0.2:5001
14:43:43.042589797 	 reno wscale:9,9 rto:241 rtt:40.045/15.067 ato:40 mss:1448 pmtu:1500 rcvmss:536 advmss:1448 cwnd:20 bytes_sent:18904 bytes_acked:13113 bytes_received:28 segs_out:17 segs_in:12 data_segs_out:14 data_segs_in:1 send 5785491bps lastsnd:5 lastrcv:13 lastack:12 pacing_rate 4100736bps/400000000bps delivery_rate 3612656bps delivered:11 app_limited busy:44ms unacked:4 rcv_space:14480 rcv_ssthresh:42242 notsent:137560 minrtt:31.011 snd_wnd:52736

